0.99832 -0.000132 -0.057931 0.000103 1 -0.000499 0.057931 0.000493 0.99832 -0.623092 0.7604 24.155457
0.998957115203 0.000175190171 0.045462545479 -0.000246169979 1.00000133067 0.001592971083 -0.04545806272 -0.001602988508 0.998967650965 -0.603800972413 0.811923799054 25.096542412914
0.99251063301 0.00157222229 0.122131619942 -0.001823526604 1.000004894692 0.001955373856 -0.122130943504 -0.002163553739 0.992517374366 -0.582376595925 0.832281978384 26.719227988093
0.997999813115 0.001504882918 -0.063085960462 -0.001532566689 1.000003602952 -0.000398167328 0.063085326647 0.000493594749 0.998012897263 -0.549982126576 0.781886839954 28.403178154283
0.995350429787 0.003365540087 0.096164030799 -0.003125883702 0.999996107948 -0.002633374634 -0.096176861797 0.002320144115 0.995360179707 -0.499783173207 0.729321282868 29.527260923429
0.996405280147 0.002431791717 0.084625655123 -0.00226549891 1.000000285085 -0.002060687954 -0.084624234099 0.001861449158 0.996414158029 -0.471288716329 0.741891152959 30.63310089437
0.997073006598 0.002369631986 0.076331088926 -0.002417682214 0.99999788308 0.000534248642 -0.076328876889 -0.000718057254 0.997078762627 -0.432725256615 0.82826076152 30.821444589485
0.98440888522 0.000909415528 0.175849296102 -0.001194639518 1.00000152597 0.001528413866 -0.175847802319 -0.001714532321 0.984415283675 -0.399697485584 0.894643162016 31.288938149078
0.9920004489 -0.001403438492 0.126221597086 0.000960739936 0.9999974556 0.003571073917 -0.126225733999 -0.003421027368 0.991998453292 -0.345062950552 0.924078781136 31.640485634837
0.998198628108 -0.004566447328 -0.059830084784 0.00465878296 0.999989670826 0.00137789234 0.059830634258 -0.001653980585 0.998210026207 -0.295025672984 0.886261610918 33.564063956976
0.997164784834 -0.005597328684 0.074981189394 0.005614103949 0.999986901916 -1.23791800000009e-06 -0.074969851489 0.000421176188 0.997189642882 -0.219986432876 0.828647082406 35.594560017842
0.999488879355 -0.007652330886 0.031001856798 0.0077488098 0.999970325449 -0.002986312591 -0.030974414649 0.003224852448 0.999517556819 -0.128036170498 0.752886757804 37.672471759283
0.996901531356 -0.007111302872 0.078292335196 0.007418957854 0.999970647067 -0.003630288806 -0.078259788896 0.004200149447 0.996925274204 -0.022666705298 0.708605791678 39.844623393823
0.999943071011 -0.005709550164 -0.008414708435 0.00566103039 0.999972707174 -0.005803483194 0.008448150495 0.005756516648 0.999952264521 0.0874144754000001 0.663344774345 42.105851696134
0.994061747111 -0.003884176818 0.108754783598 0.00447448928 0.999977515592 -0.005181974443 -0.108728344051 0.005638012472 0.994055419413 0.195052926198 0.664984217931 42.525763138938
0.966444582748 -0.00115893903 0.256853061586 0.002178931174 0.999997479054 -0.003680076566 -0.25684516819 0.004116258807 0.966438907187 0.30441880307 0.735064196011 42.987134831115
0.986538800572 0.000623713734 0.16347864701 -0.000222361232 0.999997539908 -0.002473148632 -0.163478869444 0.002404180878 0.986549689862 0.374759216168 0.786424689377 43.531183626683
0.998651131298 -0.000549392144 0.051795302315 0.000763172201 0.999990795925 -0.004102370803 -0.051786089536 0.004136530102 0.998653109861 0.522235029596 0.700362494829 47.255109372929
0.995993488427 0.002107286358 0.089337320558 -0.001094466051 0.999935157296 -0.01139241364 -0.089347140757 0.011248775653 0.995940271964 0.699256864642 0.455894579232 51.52225129919
0.990621913322 0.0020070796 0.1365761056 2.06061979999997e-05 0.99989536586 -0.014847957134 -0.13658795693 0.014710065292 0.990512981765 0.883529625056 0.292530182959 56.132667842846
0.993999634477 0.004723446039 0.109250881934 -0.003175469288 0.999896567735 -0.01432981464 -0.109305537125 0.013895573932 0.993914798547 0.869458334878 0.349124748064 56.068376351563
0.989767960564 0.005190333923 0.142588926226 -0.00428337918 0.99997580146 -0.0066609779 -0.142620645234 0.005981086065 0.989763285287 0.725665226406 0.66213179906 53.614001868401
0.97729720541 0.002808961187 0.211839492724 -0.0022392254 0.999994878435 -0.002926930408 -0.211850643986 0.002385057457 0.97729554249 0.581134782984 0.840747423072 51.906681697174
0.99887124427 0.001609459929 0.047461444445 -0.00156064072 1.00000693052 -0.001056307732 -0.04745984974 0.000980970903 0.998878028727 0.511711647761 0.839226398558 53.044728295879
0.989078415808 0.00148567037 0.147373343345 -0.000961265412 0.999994132292 -0.003629260855 -0.147379274628 0.003447781214 0.98907665633 0.494518958764 0.763531892247 55.467145226143
0.991733781155 0.000658277985 0.128274361747 8.7950834e-05 0.999992456641 -0.005798390079 -0.128271116887 0.005760765643 0.991721537995 0.427107125618 0.683152466188 57.961263063018
0.988224547944 0.000840092398 0.152976240065 6.54618e-05 0.999989205721 -0.005902934788 -0.152974855008 0.00584266254 0.988213885846 0.302921574728 0.685942625346 59.08645514064
0.997551224366 0.001496312273 0.069832830396 -0.001192478348 0.999989679887 -0.004389173962 -0.069839072783 0.004294610645 0.997546171479 0.197001619173 0.724785724525 60.210260330511
0.997168950459 0.002232618526 0.075028161625 -0.0018130628 0.999984868447 -0.005657456448 -0.075046825959 0.005505083456 0.997166176889 0.102572791254 0.696136183915 61.363654124272
0.985765941618 0.002678705231 0.168092580673 -0.001639733249 0.999985859111 -0.006312248317 -0.168101999719 0.00594706022 0.985754311665 -0.0276134344000002 0.668117821648 62.880534666016
0.996276928708 0.002535591136 0.086066670758 -0.001992739368 0.99998155344 -0.006383085832 -0.086076411206 0.006186631144 0.99626710306 -0.159950990655 0.659885110288 64.433046855733
0.995065018904 0.004724652543 0.09909899437 -0.003737770423 0.9999441589 -0.010129249725 -0.099140199315 0.009708315097 0.995030912933 -0.21913704884 0.504583439749 68.784433758243
0.993144383592 0.007733234602 0.116622215987 -0.005832422544 0.999853357796 -0.016618061054 -0.116730701989 0.015824663085 0.993043619031 -0.312093592507 0.23185859811 73.803054467913
0.997622337714 0.01108907982 0.06797372641 -0.009794542342 0.999763676845 -0.019333552677 -0.06817535727 0.018622385695 0.997501093115 -0.381258029048 0.0360082164870001 79.731021375187
0.983203907611 0.017253971154 0.181659296335 -0.013416072294 0.99966061174 -0.022330857631 -0.181989036679 0.019518774795 0.983111379492 -0.53372601678 0.0787665317329999 80.131868128712
0.986480092356 0.018646588922 0.162770267346 -0.015628985174 0.999686314331 -0.019789295765 -0.163089918604 0.016976456264 0.986470105488 -0.66419893972 0.19428020078 80.55039653114
0.977000095315 0.023047534294 0.211941682909 -0.019696860328 0.99965405062 -0.01790867183 -0.212277427116 0.013322480214 0.977122351254 -0.748538134312 0.378952990883 81.054051920214
0.993057782718 0.0222152009 0.115446735651 -0.020870162596 0.999703128055 -0.012835014092 -0.115692848219 0.010337437033 0.99323569769 -0.755340142128 0.561631667056 79.180803401328
0.99927880451 0.019790292194 0.03240425027 -0.019604113912 0.999795856607 -0.006007456302 -0.032515762491 0.005367507681 0.999455430199 -0.789116344314 0.773543585331 77.821838325065
0.986750607565 0.018623942052 0.161142824739 -0.017834670526 0.999821161347 -0.006338536602 -0.161230645287 0.003380336206 0.986913612987 -0.78752632028 0.865125965413 78.266218956326
0.961976268765 0.016073744188 0.27262713158 -0.014405577919 0.999864274132 -0.00811429682 -0.272726062449 0.003880228598 0.962086162702 -0.820626187628 0.857754182092 78.780446018682
0.994701199254 0.013085642461 0.101905396918 -0.012641308351 0.999907521925 -0.005001313763 -0.101957525803 0.003686677095 0.994785802978 -0.863464177435 0.872326149637 79.333982259657
0.991506117074 0.013602844168 0.129281935458 -0.013134648075 0.999908281852 -0.004465186451 -0.129337111041 0.002729235844 0.991599037348 -0.88001865387 0.919871433405 79.950706523495
0.989234687233 0.01545204178 0.145494668778 -0.015258045052 0.9998860694 -0.002443039134 -0.145508304454 0.000196663527 0.989353423937 -0.873224311011 0.989601502736 80.603139803586
0.9834100843 0.014778582332 0.180764055555 -0.015003787067 0.999892056311 -0.000118137148999999 -0.180746764398 -0.002595889242 0.983525559389 -0.885639476016 1.078794314111 81.118151990978
0.981262864388 0.014484305954 0.192114794491 -0.014712502278 0.999900784856 -0.000232750143000001 -0.192095013938 -0.002597022366 0.981373451501 -0.887394370235 1.074279747989 81.745698729367
0.998731322213 0.011251670892 0.048949777604 -0.011254928324 0.999941412897 -0.000214988422 -0.048949961567 -0.000335416844 0.99880058418 -0.858090770156 1.01801306204 83.86149651315
0.988991963722 0.008391213567 0.147719313206 -0.008186778145 0.999963714339 -0.001982775915 -0.147722088438 0.000752889819 0.989024272436 -0.807976053379 0.966302896602 86.034404367166
0.995089748676 0.006230505432 0.098682983101 -0.006128395326 0.999986761998 -0.001322524785 -0.098693622194 0.000712235069 0.995123224644 -0.77802980534 0.954677420532 88.231815444459
0.98322167434 0.00527042977 0.182324954428 -0.004896584259 0.999989926322 -0.002491696185 -0.182334580619 0.001557799452 0.983237491107 -0.700202496099 0.918265179516 90.264988610996
0.973566849723 0.006201485919 0.228294101982 -0.00545498421 0.999984088935 -0.003897690275 -0.228312612741 0.002548395913 0.973588915328 -0.652864567556 0.873402002495 92.360901791347
0.986106799482 0.005969152372 0.165963558587 -0.005063545719 0.99997340712 -0.005878426168 -0.165990741215 0.00495599234 0.986116286497 -0.615113488176 0.806148601473 94.499638667017
0.987885445366 0.006652499516 0.154991863582 -0.005683828031 0.99996366721 -0.00669291842 -0.155032826859 0.005730503 0.987891309465 -0.501492381244 0.784525962575 96.66446223396
0.994440377961 0.007765282877 0.104955603543 -0.007084687969 0.999954537583 -0.006845006927 -0.105005048551 0.00606431029 0.994459935277 -0.401505382694 0.769696845274 98.84041121048
0.995120516449 0.008490437532 0.098218379512 -0.00792419883 0.999953435584 -0.006136287713 -0.098268515281 0.005328698188 0.995150260476 -0.350049892303 0.802263817626 101.357471328067
0.984566395526 0.009869916831 0.17468287335 -0.008562133324 0.999931987386 -0.008234462016 -0.174752012804 0.006612005046 0.984591805068 -0.202833201555 0.744093138198 103.982536601506
0.993593272376 0.010418100772 0.112500821214 -0.00951089452 0.999924513174 -0.008585359229 -0.112580908732 0.00745967893 0.993617792295 -0.0869550406039994 0.708098127411 106.708939462014
0.9937095816 0.011462001054 0.111321123559 -0.010409990254 0.999896553165 -0.010023428268 -0.11141691224 0.008801368938 0.993735611813 0.0274236092850004 0.649467680695 109.502000424995
0.979503875527 0.011575181783 0.20108036457 -0.009066909184 0.999875696947 -0.013391184025 -0.201209082703 0.011292444629 0.979479555788 0.120538243592 0.550861133563 112.394170089578
0.98799251716 0.012755394621 0.15396673242 -0.010849793305 0.999862298601 -0.013205150511 -0.15411602406 0.011375047075 0.987987860536 0.0823672188220002 0.539778560016 113.490949971322
0.984417917213 0.013411378687 0.175316165085 -0.011344296224 0.999856843837 -0.012786166318 -0.17546046338 0.010597947675 0.984431197341 0.0359021165470002 0.574307131237 114.592303623495
0.990719492184 0.014741837871 0.135093849312 -0.013264223636 0.999840724319 -0.011831767847 -0.135246338592 0.009929543922 0.990760312402 -0.0244506663399999 0.66338599047 115.663917591108
0.99392779865 0.014012543676 0.109054756608 -0.013110973203 0.999877592626 -0.008980752342 -0.109161787537 0.00749645912 0.993995754084 -0.166669043169 0.777828382246 115.76738787913
0.983769910669 0.013459855244 0.17890526657 -0.012218554439 0.999900414372 -0.008034715195 -0.178996926618 0.005718081968 0.983833504525 -0.341496797076 0.855472183812 115.96245034808
0.992344683968 0.013431305555 0.122692862076 -0.012689631048 0.999900278572 -0.00682033812 -0.122772072598 0.005211637205 0.99242454043 -0.591386630137 0.910167281004 114.703237208273
0.974100882 0.012010150384 0.22577426568 -0.011408520272 0.99993609205 -0.003965373876 -0.225800061085 0.001286475517 0.974172521317 -0.814390031384 1.059524875904 113.80669632607
0.987855819136 0.010897866148 0.154970513402 -0.010818531839 0.999941602812 -0.001353749349 -0.154973477348 -0.000338796578 0.987915531657 -1.0337525788 1.129015357899 113.077343541598
0.987370015447 0.009316496398 0.158138202716 -0.008990468125 0.999961509572 -0.002769184714 -0.158157929514 0.001312025499 0.987411713825 -1.026810863484 1.063969776366 115.765155470276
0.969364401274 0.009342783783 0.245431869855 -0.008228029895 0.999958981717 -0.005560223884 -0.245468122641 0.003369842881 0.969396818786 -0.995626590949001 0.974069530792 118.488820421742
0.975483459884 0.007594159296 0.219919417882 -0.006824778756 0.999970909196 -0.004255693104 -0.219946826235 0.002649750003 0.975511853004 -1.088217863704 0.97486173106 119.101282814821
0.974666315513 0.008385299866 0.22350466795 -0.007857988163 0.999971152652 -0.003241964583 -0.223519800759 0.00140340279 0.974697142762 -1.175746015606 1.010277091947 119.703909856774
0.980175059856 0.00690222999 0.197983048876 -0.00643295186 0.99997598178 -0.003011150713 -0.19799763719 0.00167614182 0.980196612089 -1.275166416107 1.013193061468 120.360339030146
0.994344179836 0.005950139685 0.106008190246 -0.005517571858 0.999981966136 -0.004366047647 -0.106026943623 0.003756007702 0.994352089069 -1.144656719035 0.949695400818 124.047480329421
0.981645464347 0.004904686793 0.190627067468 -0.003335985647 0.999960937321 -0.008543409234 -0.190654395079 0.007752468587 0.98162468769 -1.007511122915 0.780964782475 128.290495794271
0.986489818792 0.005129157142 0.163720147288 -0.003471287498 0.999944350833 -0.010408111778 -0.163757715848 0.009699459052 0.986452474055 -1.056423495272 0.701176042596 129.377826047424
0.989330848684 0.007489942689 0.145443810928 -0.006268480052 0.999944494959 -0.008852861673 -0.145493051515 0.007846744499 0.989328263715 -1.090831625073 0.798279687811 130.479638287302
0.990964060154 0.009542818828 0.133783312506 -0.008566919176 0.99994027213 -0.007865368433 -0.133850681617 0.00664745131 0.990982487365 -1.110381430728 0.836422127501 131.705002283432
0.992130223752 0.008792407745 0.124843626942 -0.007709192942 0.999936465281 -0.00914534925 -0.124912537227 0.008109825898 0.992131506879 -1.123491822221 0.836778003815 132.942622613373
0.973003857693 0.010442572602 0.230537852121 -0.008522061426 0.999926460896 -0.009326859034 -0.23061981479 0.007110620108 0.973018935762 -1.137626279578 0.85534496743 134.114527787994
0.97972018975 0.007878798521 0.200180709895 -0.006417752203 0.999948424453 -0.007937946278 -0.200226672362 0.006491997761 0.979729574351 -1.112349262734 0.873993725877 136.113717239498
0.965066388348 0.006994517618 0.261874095786 -0.00478105893 0.999946642796 -0.0090912308 -0.261927032647 0.007521698748 0.965061393898 -1.09224053527 0.843825743556 138.027214198358
0.98634994558 0.008133790736 0.164448559942 -0.006638291221 0.999939646208 -0.009636040446 -0.164517003357 0.008411671984 0.986335472929 -1.060141914371 0.81239641596 139.982099184417
0.96306255022 0.009339543837 0.269104595236 -0.006780643122 0.999923236284 -0.010440364974 -0.269182661702 0.008229371688 0.963051045206 -1.018145404568 0.818370231716 142.06246778739
0.984278729649 0.010666168355 0.176286779307 -0.00886383923 0.999902002872 -0.010999223324 -0.176386572298 0.009263979248 0.984281929284 -1.053091870586 0.787543295585 143.447582163841
0.980897458683 0.01276769144 0.194087484994 -0.010763512623 0.999879606404 -0.01137406011 -0.194206039922 0.009067635914 0.980920380598 -1.074610943263 0.816853154782 144.718858125975
0.970656812088 0.01197870052 0.240132077578 -0.010483984823 0.99991771281 -0.007496871023 -0.240206523012 0.004758711676 0.970712703289 -1.50490791301 1.04701166521 142.133472138979
0.989698409961 0.011111772584 0.142727550386 -0.010805030258 0.999941603595 -0.002916564695 -0.14274935511 0.001344309977 0.989761213702 -1.900971191959 1.213891396995 140.155976850424
0.9349787404 0.009008332172 0.354580213851 -0.008414562866 0.999961418213 -0.003220557459 -0.35459609444 2.7688607e-05 0.935024439542 -2.12261757739 1.265748550857 140.754392756301
0.99415656957 0.007251956682 0.107693147215 -0.007145764871 0.999981451067 -0.001382117635 -0.1076949803 0.000603636194 0.99417902759 -2.281330576466 1.25478240762 141.269998739092
0.987572622608 0.006289391318 0.15699878476 -0.006138837352 0.999980171366 -0.001436200092 -0.157003013745 0.000455814267 0.987598041779 -2.375370789182 1.275853493274 143.019982275012
0.985476606367 0.005263254823 0.169700186948 -0.004695883454 0.999991085182 -0.003736043134 -0.169720213577 0.002883918217 0.98548545737 -2.4753038979 1.213143757038 144.72532011744
0.985287093789 0.001353676278 0.170866154575 -0.001038076021 1.000006265966 -0.001927129422 -0.170860871151 0.00172043887 0.985287954927 -2.590676883406 1.225403866619 146.483079266869
0.989230683619 -0.000251203593 0.14631943582 0.000408978616 1.000001888624 -0.001043496352 -0.146323775157 0.001091488377 0.989239382523 -2.707912160713 1.2454880782 148.26526607722
0.976462916207 -0.001692566977 0.215664794791 0.002647223504 0.999991677473 -0.00413478995 -0.215656318406 0.004608484416 0.97645926192 -2.827183778345 1.139581926385 150.01706730254
0.968341112441 -0.001796074192 0.249623029212 0.00396227105 0.999959441072 -0.008175424383 -0.249595259513 0.008906929824 0.968313178932 -2.656550746122 0.969214205381 154.384492220343
0.955645669134 -0.000639666702 0.294503031475 0.004108089288 0.999934151043 -0.011156178406 -0.294475142156 0.011871423663 0.955584420839 -2.434669476124 0.805407275057 159.242533318681
0.977607731662 0.00115135049 0.210394074552 0.00146747693 0.99993109994 -0.01228904279 -0.210393527678 0.012321959449 0.977542657596 -2.553643030668 0.801934962568 160.383040848002
0.983732788037 0.004073639043 0.17954801476 -0.001890841512 0.999931066733 -0.012322335519 -0.179586253714 0.011781118042 0.983674874488 -2.69051285796 0.813172492264 161.538516126272
0.975219292145 0.007579732628 0.221093628271 -0.005209183665 0.999929539132 -0.011303702583 -0.221165093714 0.00987129588 0.975191827154 -2.849991153593 0.864310828528 162.63507908126
0.968842573138 0.010655319511 0.247438830518 -0.008103542369 0.999907822513 -0.011323861886 -0.24752748125 0.008965960108 0.968835399488 -3.214152464224 0.950001188883 161.456752929338
0.983879356512 0.012024871858 0.178394107526 -0.010815868948 0.999919853851 -0.007751089037 -0.178469677375 0.005695908404 0.983926058436 -3.48504438232 1.08161949292 160.607335511888
0.993954051173 0.01314843441 0.108987392705 -0.012142164639 0.999876980186 -0.009873285372 -0.109097777753 0.008490403945 0.993995291172 -3.541435621552 0.99013462599 163.37695708419
0.990734397969 0.00980312439 0.135450242469 -0.007999976369 0.999879801295 -0.013847153751 -0.135565489271 0.012635585515 0.990692358539 -3.20231084032 0.719606518105 169.431413702105
0.987401679871 0.009037752039 0.157955205765 -0.00648963738 0.999843597836 -0.016637861122 -0.158075192191 0.015402750706 0.987306852211 -2.827778249119 0.525780192078 176.744575585555
0.990272415618 0.008345158084 0.138815175048 -0.006483346478 0.99988636061 -0.013857316888 -0.13891192626 0.012822918062 0.990224213008 -3.206068952278 0.684041166561 175.538349671281
0.972097296969 0.013177740945 0.234178439971 -0.010343189322 0.999867150165 -0.01332239055 -0.234320825304 0.010527386298 0.972099059544 -3.526376626014 0.815343574709 174.578519181622
0.963121469099 0.015158435858 0.268627336762 -0.011764190169 0.999829794798 -0.014237558862 -0.268796392597 0.010551427778 0.963141038714 -3.716045916129 0.846720023081 174.537865569071
0.973027452916 0.016891835191 0.230066981062 -0.014659163026 0.999829536292 -0.011409763557 -0.230212037511 0.00773015535 0.973109622427 -4.060766057579 1.010258980413 171.916677661905
0.980126962134 0.018935707573 0.197452515988 -0.017626206004 0.999818671442 -0.008382611694 -0.197571603368 0.004736096692 0.980279618982 -4.476250194019 1.163628247066 169.957859339292
0.997658551193 0.014392535137 0.066853714739 -0.014068550046 0.999895034201 -0.005315011636 -0.066922222794 0.004362366194 0.997750287131 -4.482113718943 1.182278978678 172.128168089897
0.984431012907 0.011759625278 0.175371415286 -0.010579865344 0.999923608133 -0.007658907146 -0.175445062435 0.005685015094 0.984478011761 -4.447438447404 1.136574821478 174.398890156314
0.994477424823 0.009002862359 0.104492208183 -0.008027868769 0.999928681117 -0.009736881577 -0.10456647741 0.008843632082 0.994482644092 -4.428910487425 1.01544446188 176.693115498035
0.982861931764 0.007720737738 0.184141218658 -0.006047483758 0.999937998435 -0.009639491251 -0.184202192221 0.008360205968 0.982852718773 -4.696256487091 1.038879506044 176.509993436594
0.971887772845 0.006361641236 0.235327495377 -0.004864078372 0.999971658504 -0.006940991257 -0.235367446557 0.005601018418 0.971894180914 -4.950590035308 1.165892391619 176.382300369905
0.96995184502 0.004420471952 0.243216926555 -0.0032913443 0.99998986982 -0.005043147985 -0.2432379074 0.00409165226 0.96995755336 -5.111558704291 1.213027800435 177.54143622171
0.968417685216 0.00335811633 0.249292870386 -0.001690414084 0.999978422995 -0.006897323975 -0.249310449154 0.006259117935 0.968401053177 -5.255340679508 1.159778397323 178.692647956554
0.983525995178 0.001502951308 0.180719473839 -0.00040311503 0.999982754292 -0.006115352763 -0.180716568322 0.00594136932 0.983516176576 -5.400446844192 1.173318281232 179.86834864324
0.9913036574 0.001893710935 0.131576028845 -0.000939489496 0.99997807287 -0.007315444061 -0.131584841146 0.007128163988 0.99127827544 -5.559115940315 1.158040634139 180.758385338262
0.982869687286 0.00324886529 0.18425919958 -0.00133291366 0.999946888559 -0.010520366465 -0.184284047529 0.010093949153 0.98282417965 -5.336276496486 0.968693014483 185.016472836595
0.973148817276 0.003772684835 0.230145733228 -0.000317398401 0.999887714589 -0.01504096358 -0.230174305657 0.014562649472 0.973038230969 -4.890526077967 0.693752847598 191.557930553023
0.967554037945 0.005609015996 0.252596792611 -0.001336978945 0.999858982045 -0.017078885067 -0.252655836418 0.016187893282 0.967424660097 -4.863485803707 0.597799755285 194.740686909956
0.980890970029 0.005432254415 0.194435677656 -0.002616674203 0.999892105537 -0.014734330071 -0.194487378781 0.013942771135 0.980800440501 -5.455363485017 0.771765098427 192.629740751443
0.973426493167 0.005825540074 0.228925758929 -0.003241257498 0.999929327322 -0.011654340452 -0.228978393622 0.01060236633 0.973372310943 -5.958616414847 0.987864898584 190.981883494818
0.985479240584 0.006106236984 0.169656932546 -0.004899876132 0.999967476236 -0.007520554624 -0.169696033618 0.006581178938 0.985477903882 -6.45371712393 1.157189336312 189.698189076415
0.969398693329 0.0072763205 0.245358342352 -0.00524851116 0.9999552258 -0.008914502251 -0.245403555321 0.007352723375 0.969392765073 -6.616462036689 1.129228932193 191.105176420647
0.974272544952 0.007663893989 0.225233027434 -0.004923833784 0.999910078507 -0.012729812363 -0.225302667001 0.011292599666 0.974226711683 -6.564849591265 0.99682029075 194.643859914027
0.971216035752 0.007606323081 0.238073456887 -0.004479255855 0.999896977355 -0.013665891333 -0.238157203669 0.012206320523 0.971152309569 -6.474884401979 0.917590336952 198.573467948621
0.972404854365 0.008776230831 0.233129438228 -0.006041594883 0.999905938452 -0.012437696446 -0.233210225135 0.010685784611 0.972367769664 -6.750532982361 0.954637582504 199.126481802052
0.981558149152 0.01040041095 0.19084049405 -0.008199523968 0.999891845448 -0.012319889256 -0.190945561894 0.010528549158 0.98154546647 -7.032950042988 0.985292830448 199.672214903026
0.972176288913 0.011683490936 0.233923703027 -0.009154414693 0.999893562688 -0.011893097755 -0.234034291787 0.009420034328 0.972178092467 -7.460864929716 1.06188817919 198.422263108064
0.989810273194 0.01300588462 0.141738439324 -0.011936365586 0.999901285124 -0.008394103247 -0.141837869988 0.006616832232 0.989867391129 -7.863882762092 1.198642323021 197.489488671981
0.97764878345 0.013254462478 0.209798200778 -0.012846195353 0.999915883458 -0.00330620205 -0.209817276077 0.000537482608 0.977739737306 -8.463607699456 1.42673935056 194.594302330616
0.965125376589 0.008731547015 0.26164095333 -0.008747906007 0.999969576577 -0.001099379624 -0.261645226972 -0.001226478637 0.96516620408 -8.72897276539 1.499770327525 194.641807451754
0.952428625468 0.005991935066 0.304692898656 -0.006603582018 0.99997840506 0.000981348185 -0.304684807972 -0.002947672146 0.952451925012 -8.948871415026 1.530636010916 194.77890411345
0.993730203288 0.003645379044 0.11167041828 -0.00342680746 1.000000119982 -0.002140101044 -0.11167129556 0.001744553723 0.993746156144 -8.818587818748 1.375891464476 198.143517964864
0.966745031751 0.002267484608 0.255697536371 -0.000937627882 0.999990509044 -0.005321901438 -0.255707082801 0.004904513586 0.966742600873 -8.655620031735 1.24739206072 201.8060340862
0.99441155784 0.002885538024 0.10551888872 -0.001972993286 0.999962419846 -0.008753068742 -0.10553675825 0.008494581284 0.99437970096 -8.446213118608 1.080043500514 205.912145494605
0.970269383365 0.005429097779 0.24193226399 -0.003400061956 0.999954752141 -0.008805177166 -0.241967547262 0.007722185903 0.970257058358 -8.552756922296 1.084496994518 206.523229686822
0.981583709336 0.007736176936 0.190861989516 -0.006310414473 0.999953603428 -0.008079718273 -0.190908639157 0.006725089491 0.981584902653 -8.64236513906 1.113049543794 207.157485990894
0.961338485007 0.008297690056 0.275242554229 -0.006127284402 0.999951439014 -0.008742627594 -0.275298823692 0.006716949254 0.961330742576 -8.613065442473 1.094081012004 208.90838755852
0.983637689546 0.006732560995 0.179997162794 -0.005129672457 0.99994646496 -0.009364630323 -0.180049932959 0.0082886651 0.983620176547 -8.576997643835 1.04031510902 210.690687761616
0.997263123961 0.006403846766 0.073575537457 -0.005513923771 0.999911295942 -0.012297899267 -0.073647727126 0.011859811715 0.997217555388 -8.391163269511 0.889836025685 213.941510604413
0.969855629656 0.00365622215 0.243650431502 -0.000163611606 0.999898786866 -0.014348529324 -0.243669036661 0.013875659486 0.969761781789 -8.190043599878 0.791643343873 217.473909048393
0.980510038969 0.00609596578 0.196368222761 -0.003249889549 0.999893280792 -0.014812024083 -0.196433256671 0.013883430962 0.980419401177 -7.906140484302 0.730364337236 221.258416506105
0.991683690505 0.012186143589 0.128110585924 -0.010405565872 0.999842267987 -0.014546872609 -0.12827416055 0.013094030899 0.991655660257 -8.50805659404 0.856728151958 218.583385555763
0.969593053975 0.010837635944 0.24445571878 -0.008883065423 0.999922652853 -0.009088442747 -0.244534474288 0.006639270736 0.969617419023 -9.044255557059 1.116881297637 216.510567968807
0.986253734547 0.011299222557 0.164853660313 -0.010120725448 0.999919919961 -0.007982835843 -0.164920510341 0.006205124862 0.986285688634 -9.101533005001 1.119112046525 217.44224387486
0.981293784219 0.007755636748 0.192330548531 -0.005484076715 0.999917450266 -0.012333008744 -0.192408236649 0.011047722158 0.98125157242 -8.412145600223 0.914775260939 223.459294595547
0.966451783274 0.006560075135 0.256763136146 -0.002305058438 0.999856515925 -0.016868831238 -0.25683167685 0.01571218893 0.966331152244 -7.451170002292 0.605955819716 231.013842847152
