0.533523 3.46944695195361e-18 0.845785 0 1 0 -0.845785 3.46944695195361e-18 0.533523 10.500502 1.053428 15.086023
0.525194441965107 2.39015524007413e-05 0.85098120961684 0.000444084855981213 0.999994662184565 -0.000301441006764941 -0.850977249981927 0.000536847507183282 0.525196580336353 11.2702979618801 1.04657564234606 15.4958747709985
0.513822969419633 -0.00139204058022456 0.857893556408381 0.00191470833163735 0.999993144587145 0.000477454138923641 -0.857887558701657 0.00139833303996471 0.513838619922277 12.1637024489511 1.05195066420546 15.9239075282141
0.505964445413889 -0.00557646216573837 0.862539158943708 0.0052481324565256 0.999977830352695 0.0033877588317117 -0.862535821162707 0.00281305800565412 0.505996540779788 13.0956273674252 1.08244752101515 16.3707355287661
0.494561987337596 -0.00837319237220841 0.869104168306443 0.00785042507703577 0.999947930200931 0.00516801097960517 -0.869104559885133 0.00426726286414713 0.494614789237328 14.129603543156 1.10090808932207 16.7593782097142
0.489437234006504 -0.0082355644712824 0.87199442100898 0.00936678563889577 0.99993906968889 0.00418759251139566 -0.871981534146918 0.00611864797863903 0.489497868272764 15.1578221898313 1.08657565236571 17.2745590953365
0.484532691077416 -0.00392880556063413 0.874768063683276 0.00837552800186968 0.999958009143454 -0.000147608934449677 -0.874729377560238 0.00739831091589071 0.484552874444942 15.2307604757406 1.01811894056378 17.1149121642595
0.482053818324621 0.00300445618120594 0.876135104475011 0.00471343500399113 0.999969928479683 -0.00602144139649155 -0.876122112432831 0.0070322359502153 0.482031988098067 15.3166048013607 0.94018296862368 16.9886421741971
0.465781077121518 0.00544175838482143 0.884878905604558 0.00299372334995355 0.999964064777968 -0.00772431068956868 -0.884888957742446 0.00624718658135831 0.465764874515661 15.7507691277275 0.920004758225144 17.1853589212641
0.465136828393675 0.00415294680589546 0.885227870196818 0.000694591270469462 0.999982649721404 -0.00505508431404871 -0.885226462415535 0.00296712498494968 0.465140194255199 16.9871773027344 0.98641918607772 18.0561927793235
0.458170866478683 0.00287449337699767 0.88885625632663 0.000650196847151725 0.9999891667257 -0.00356860744552553 -0.888857879195197 0.0022128434137858 0.458174474951747 18.4654920591656 1.01745454451606 18.8574429763934
0.467208299897628 0.00342548033846084 0.884142877357594 0.000766520166234331 0.999987328236542 -0.00427894938270511 -0.884147435497095 0.00267684086473817 0.467201852319695 19.0823008167549 1.00137571367796 19.226627667089
0.471148027393587 0.00486425957009572 0.88203818396344 -0.000628389862796436 0.999980951300614 -0.00517760040558293 -0.882048256094639 0.00188507736174095 0.471150566342569 19.8714177361972 0.981851404429576 19.5236344152445
0.461893847531897 0.0064688800411406 0.886911606784946 -0.00391165361444464 0.9999789663677 -0.00525549043133695 -0.88692716504274 -0.0010413323096676 0.461919481581802 20.7063594890663 0.983452695238733 20.0319509251881
0.452964486141999 0.00815572413094497 0.89149209577058 -0.006749734787652 0.999952330367918 -0.00571680736195096 -0.891500842680188 -0.00342750031055412 0.453006869688456 21.6150108319735 0.975731884002825 20.5198603529437
0.463348938838902 0.00716925897232564 0.886146486128585 -0.00658742975139953 0.999965208548748 -0.0046438751366752 -0.886143578216586 -0.00368514908220244 0.463393305126503 22.7483508222125 0.996953127648612 21.1946459614046
0.468832708941382 0.0050033601947908 0.883273228406681 -0.0054195757498946 0.999978310070936 -0.00278650654992203 -0.883272581342862 -0.00348001517367856 0.468853956161278 24.1014034870644 1.03876676484281 21.783215407078
0.479499791924611 0.00277875415319687 0.877530929945693 -0.00336593005314592 0.999986514704924 -0.00132656197118771 -0.877526669441817 -0.00231741999932548 0.479514795603889 25.4355673125211 1.07091034232529 22.5057240482429
0.471294763190158 0.00124053361094432 0.881971759590437 -0.00148927575235336 0.999995292226947 -0.000609461016928939 -0.88196589070142 -0.00102561477087411 0.471313098002091 26.7197966796993 1.08690232568114 23.0287266097221
0.47201463607307 -0.000608474181308528 0.881593474767752 0.00104428104090117 0.999996752043466 0.000132252592538745 -0.881589213979137 0.000858308171898095 0.472020236644167 27.9268106224211 1.10420349869645 23.710560234972
0.476473852143903 -0.0026189592420246 0.879183609776837 0.00461044566946585 0.999985602060312 0.000480937780903642 -0.879172659997905 0.00382457470503539 0.476487285847803 28.8440507284291 1.10867794122171 24.1550311808611
0.482954542911668 -0.0038410959122222 0.875637107910464 0.00867555696869296 0.999959416045747 -0.000397101797168351 -0.875598671298236 0.00778925137471442 0.482982080987191 29.8412570688904 1.0850363234575 24.6576070662075
0.471835279746787 -0.00411720280458358 0.88167884783774 0.01068752473201 0.999933710513652 -0.00104947263381416 -0.88161546501396 0.00991779955180635 0.471856115715538 30.8435594086166 1.06671118548191 25.167041484621
0.464424202901034 -0.00407046766738629 0.885598254276894 0.0108154021071574 0.999938489788576 -0.00107520449715923 -0.885544020082904 0.010077684125311 0.464452211559386 31.8342039566526 1.06603918867989 25.7617926255478
0.459443116745987 -0.00458993192425393 0.888199292697758 0.0117361282830764 0.999923536195178 -0.00090158001608548 -0.888127481162059 0.0108383601150636 0.45947008899217 32.6747035020177 1.06711649228597 26.0923304082762
0.460181226744585 -0.00546079721185607 0.88780652192282 0.0144157139236256 0.999893496087669 -0.00132135512647591 -0.887703323829309 0.0134071153908692 0.460219428943162 33.39550041809 1.05888009885286 26.532923334423
0.464792938768548 -0.00593430753482935 0.885391256247856 0.0176454802607672 0.999840040331655 -0.00256093479303641 -0.885237516161484 0.0168130377765447 0.464834572726715 34.0104339839741 1.02664307925167 26.8644808040966
