1 3.46944695195361e-18 5.55111512312578e-17 0 1 0 5.55111512312578e-17 3.46944695195361e-18 1 -4.44089209850063e-16 5.55111512312578e-17 0
0.999172143300142 2.39015524007413e-05 0.0406630356050799 -1.46600117072702e-06 0.999994662184565 -0.000536727079580558 -0.040659048183955 0.000536847507183282 0.999170057199058 -0.00265015922391099 -0.00105117982402031 0.572432508186802
0.996401500809295 -0.00139204058022456 0.0847363916575721 0.00150681987305614 0.999993144587145 -0.00127419286999118 -0.084720188175997 0.00139833303996471 0.996405785448258 0.0249090368536269 -0.00313969517925913 1.20230249050095
0.992206632104853 -0.00557646216573837 0.124498458385001 0.00588429868846264 0.999977830352695 -0.00209638615974012 -0.124470977584087 0.00281305800565412 0.992223545381396 0.0764706761009553 -0.0114332220792049 1.77189152804151
0.985747521498773 -0.00837319237220841 0.168031907851021 0.00897228749740758 0.999947930200931 -0.00279919723174287 -0.167991304894271 0.00426726286414713 0.985781279340152 0.159743067132361 -0.0206766941248792 2.3855059415761
0.97807008821176 -0.0082355644712824 0.208091048463009 0.00932926065778496 0.99993906968889 -0.00427053742371701 -0.208036999139826 0.00611864797863903 0.978100440407057 0.256996393251808 -0.0196388376449441 2.94521748654331
0.967280502455066 -0.00392880556063413 0.2536924559014 0.00567744497979759 0.999958009143454 -0.00615937496606419 -0.253651141763141 0.00739831091589071 0.967266462260443 0.386029828295375 -0.00896683173069129 3.55413174481913
0.955166063679518 0.00300445618120594 0.296052179661529 -0.000786901282852493 0.999969928479683 -0.00760625015857996 -0.29605798101963 0.0070322359502153 0.955141331180323 0.526572920150683 0.007878772515169 4.11471106463297
0.940722283845457 0.00544175838482143 0.339123328660475 -0.0029997854953054 0.999964064777968 -0.00772196002807015 -0.339141678513689 0.00624718658135831 0.940717101864188 0.696417348728386 0.0110612488930749 4.67228400880236
0.923494482922266 0.00415294680589546 0.383587760591339 -0.0026964470991575 0.999982649721404 -0.00433192024170196 -0.383584526722266 0.00296712498494968 0.92349617199769 0.893952976033953 0.0122910657651391 5.22917151488274
0.901095657291126 0.00287449337699767 0.433605363768469 -0.00163028902658478 0.9999891667257 -0.00324035275708225 -0.433604485933064 0.0022128434137858 0.901099515295924 1.14506867289835 0.00640132724160142 5.84224658612103
0.878037823256501 0.00342548033846084 0.478584305198002 -0.00172625159875566 0.999987328236542 -0.00398961624928126 -0.478591667497987 0.00267684086473817 0.878034969398325 1.40247330342122 0.00232461939695644 6.38558453022532
0.849720433653346 0.00486425957009572 0.527207343109383 -0.00313833277655932 0.999980951300614 -0.00416572956882731 -0.527214787099823 0.00188507736174095 0.849727678041334 1.72214592240228 -0.00450149650603743 6.98095636203729
0.821334251187701 0.0064688800411406 0.57041076984154 -0.00590683598534257 0.9999789663677 -0.00283381616757595 -0.570412623864416 -0.0010413323096676 0.821364179882052 2.04247600829902 -0.0132902352464577 7.51195948672929
0.791009368551914 0.00815572413094497 0.611750901040758 -0.00854732491580422 0.999952330367918 -0.00227684939718721 -0.611740661268439 -0.00342750031055412 0.791051416387856 2.39669956229224 -0.0209585158128635 8.03176429372629
0.758154366581043 0.00716925897232564 0.65203547098086 -0.0078376315351304 0.999965208548748 -0.00187919374756765 -0.652016365353998 -0.00368514908220244 0.758194513802231 2.7814657329378 -0.0257812103043454 8.53251731846729
0.719453868980606 0.0050033601947908 0.694522619730397 -0.00601626965735327 0.999978310070936 -0.000970006857534806 -0.694515420703968 -0.00348001517367856 0.719473869905293 3.23850962211881 -0.0292194039845005 9.06551772114868
0.682709538995688 0.00277875415319687 0.730676935125685 -0.00359011168444786 0.999986514704924 -0.000447612127118886 -0.730669076454463 -0.00231741999932548 0.682723011326481 3.68537076817355 -0.0365000555556873 9.53091389901436
0.642095484122451 0.00124053361094432 0.766620714656245 -0.00158258888055458 0.999995292226947 -0.000291204399743642 -0.76661121164821 -0.00102561477087411 0.642112226356263 4.20796312933941 -0.0437787183694124 10.025664808889
0.607678210693576 -0.000608474181308528 0.794186071857949 0.00105195559311533 0.999996752043466 -3.74494956351685e-05 -0.794180965665052 0.000858308171898095 0.607683052953714 4.7146739343721 -0.0515230879253214 10.4526006578978
0.577185345503617 -0.0026189592420246 0.816607307864664 0.00463495972536437 0.999985602060312 -6.81396406845818e-05 -0.816594845034238 0.00382457470503539 0.577197388746399 5.24666087488749 -0.0592068528133852 10.8627434467672
0.547810620427575 -0.0038410959122222 0.836593169527053 0.00862065440221155 0.999959416045747 -0.00105225176268695 -0.836552759868847 0.00778925137471442 0.547835171933339 5.85899566410353 -0.0638253378599563 11.2975588678616
0.524773319768835 -0.00411720280458358 0.851234236249656 0.0106035394769377 0.999933710513652 -0.00169988296521657 -0.851169699765995 0.00991779955180635 0.524790248001777 6.43755793770319 -0.0649127213422333 11.6820719915906
0.505033035440131 -0.00407046766738629 0.863085026430254 0.0107538323423072 0.999938489788576 -0.00157609642643683 -0.863029550537612 0.010077684125311 0.505058496354412 7.0372943362923 -0.0658299061816544 12.062154618802
0.48744567750214 -0.00458993192425393 0.873144820189838 0.0117015319020553 0.999923536195178 -0.00127420348648059 -0.873072187556013 0.0108383601150636 0.4874703532908 7.72115600163313 -0.0697186486939775 12.4664089982159
0.475340264956295 -0.00546079721185607 0.879783289182064 0.0143909296844188 0.999893496087669 -0.00156840451695737 -0.879679451071291 0.0134071153908692 0.475376691582148 8.36338241435506 -0.0650250807419305 12.8289442680107
0.467259656505844 -0.00593430753482935 0.884092072693809 0.0176382737972368 0.999840040331655 -0.00261012074086607 -0.883938217111991 0.0168130377765447 0.46730086167947 9.02587537330346 -0.0621401048124334 13.1867292596386
