0.533523 0.000000 0.845785 0.000000 1.000000 0.000000 -0.845785 0.000000 0.533523 10.500502 1.053428 15.086023
0.559364 0.000000 0.828922 0.000000 1.000000 0.000000 -0.828922 0.000000 0.559364 10.656798 1.055897 15.368926
0.584671 0.000000 0.811270 0.000000 1.000000 0.000000 -0.811270 0.000000 0.584671 10.849312 1.058749 15.695694
0.609422 0.000000 0.792846 0.000000 1.000000 0.000000 -0.792846 0.000000 0.609422 11.106772 1.062308 16.103555
0.633593 0.000000 0.773667 0.000000 1.000000 0.000000 -0.773667 0.000000 0.633593 11.365982 1.065886 16.513511
0.660209 0.000000 0.751082 0.000000 1.000000 0.000000 -0.751082 0.000000 0.660209 11.603368 1.071104 17.111451
0.690607 0.000000 0.723230 0.000000 1.000000 0.000000 -0.723230 0.000000 0.690607 10.924968 1.069053 16.876427
0.719831 0.000000 0.694149 0.000000 1.000000 0.000000 -0.694149 0.000000 0.719831 10.314713 1.067233 16.667878
0.738281 0.000000 0.674493 0.000000 1.000000 0.000000 -0.674493 0.000000 0.738281 9.915556 1.068990 16.869232
0.769128 0.000000 0.639094 0.000000 1.000000 0.000000 -0.639094 0.000000 0.769128 9.939012 1.078984 18.014445
0.798279 0.000000 0.602287 0.000000 1.000000 0.000000 -0.602287 0.000000 0.798279 9.962288 1.089634 19.234810
0.833369 0.000000 0.552716 0.000000 1.000000 0.000000 -0.552716 0.000000 0.833369 9.376149 1.093974 19.732086
0.865385 0.000000 0.501107 0.000000 1.000000 0.000000 -0.501107 0.000000 0.865385 8.806053 1.098250 20.222113
0.885310 0.000000 0.465001 0.000000 1.000000 0.000000 -0.465001 0.000000 0.885310 8.181914 1.104397 20.926416
0.903729 0.000000 0.428105 0.000000 1.000000 0.000000 -0.428105 0.000000 0.903729 7.553862 1.110564 21.633116
0.929137 0.000000 0.369735 0.000000 1.000000 0.000000 -0.369735 0.000000 0.929137 6.874085 1.119152 22.617242
0.950780 0.000000 0.309867 0.000000 1.000000 0.000000 -0.309867 0.000000 0.950780 6.170884 1.128066 23.638659
0.968569 0.000000 0.248744 0.000000 1.000000 0.000000 -0.248744 0.000000 0.968569 5.364963 1.137765 24.750095
0.978760 0.000000 0.205007 0.000000 1.000000 0.000000 -0.205007 0.000000 0.978760 4.484906 1.145241 25.606763
0.986978 0.000000 0.160857 0.000000 1.000000 0.000000 -0.160857 0.000000 0.986978 3.577536 1.152959 26.491081
0.992971 0.000000 0.118361 0.000000 1.000000 0.000000 -0.118361 0.000000 0.992971 2.771170 1.156893 26.941886
0.997135 0.000000 0.075648 0.000000 1.000000 0.000000 -0.075648 0.000000 0.997135 1.971478 1.160725 27.380959
0.998135 0.000000 0.061040 0.000000 1.000000 0.000000 -0.061040 0.000000 0.998135 1.341594 1.164817 27.849872
0.998922 0.000000 0.046420 0.000000 1.000000 0.000000 -0.046420 0.000000 0.998922 0.712551 1.168912 28.319117
0.999495 0.000000 0.031789 0.000000 1.000000 0.000000 -0.031789 0.000000 0.999495 0.280419 1.169867 28.428535
0.999853 0.000000 0.017151 0.000000 1.000000 0.000000 -0.017151 0.000000 0.999853 -0.140012 1.170800 28.535510
0.999996 0.000000 0.002788 0.000000 1.000000 0.000000 -0.002788 0.000000 0.999996 -0.396511 1.170294 28.477551
