0.997219 -0.000511 -0.074529 0.000408 0.999999 -0.001400 0.074531 0.001366 0.997218 3.956746 1.243886 8.700092
0.995205 -0.000331 -0.097804 0.000269 1.000000 -0.000646 0.097804 0.000616 0.995205 3.880469 1.250013 9.056396
0.995833 0.000244 -0.091190 -0.000332 0.999999 -0.000951 0.091190 0.000977 0.995833 3.865100 1.266276 9.376998
0.995070 0.000241 -0.099173 -0.000300 1.000000 -0.000582 0.099173 0.000609 0.995070 3.883940 1.298486 9.827739
0.995736 0.000327 -0.092244 -0.000353 1.000000 -0.000262 0.092244 0.000294 0.995736 3.868911 1.279796 10.160754
0.997438 0.000274 -0.071543 -0.000277 1.000000 -0.000025 0.071543 0.000045 0.997438 3.927935 1.319361 10.612641
0.997354 0.000268 -0.072703 -0.000332 1.000000 -0.000864 0.072704 0.000886 0.997353 3.991870 1.295667 11.124745
0.995632 0.000044 -0.093368 -0.000064 1.000000 -0.000212 0.093368 0.000217 0.995632 3.954271 1.278558 11.461457
0.996767 0.000156 -0.080348 -0.000171 1.000000 -0.000181 0.080348 0.000194 0.996767 3.956201 1.268658 11.851614
0.999123 0.000322 -0.041867 -0.000344 1.000000 -0.000520 0.041867 0.000534 0.999123 3.989633 1.278205 12.277853
0.999564 0.000205 -0.029537 -0.000217 1.000000 -0.000400 0.029537 0.000406 0.999564 4.100059 1.291906 12.910603
0.996168 0.000373 -0.087464 -0.000383 1.000000 -0.000105 0.087464 0.000139 0.996168 3.901213 1.287444 13.033539
0.998064 0.000123 -0.062194 -0.000114 1.000000 0.000154 0.062194 -0.000146 0.998064 3.935129 1.323866 13.586322
0.997456 0.000131 -0.071286 -0.000143 1.000000 -0.000165 0.071286 0.000175 0.997456 3.972996 1.343682 14.105806
0.993657 -0.000004 -0.112452 0.000004 1.000000 -0.000005 0.112452 0.000005 0.993657 3.889802 1.319333 14.546583
0.996738 0.000015 -0.080710 -0.000033 1.000000 -0.000224 0.080710 0.000226 0.996738 3.807416 1.263745 14.672833
0.998282 0.000037 -0.058592 -0.000043 1.000000 -0.000109 0.058592 0.000112 0.998282 3.793823 1.292917 15.163947
0.997783 0.000029 -0.066562 -0.000035 1.000000 -0.000090 0.066562 0.000092 0.997783 3.712235 1.290417 15.425064
0.998783 0.000079 -0.049324 -0.000085 1.000000 -0.000119 0.049324 0.000123 0.998783 3.690634 1.329822 15.986047
0.999006 0.000107 -0.044570 -0.000115 1.000000 -0.000180 0.044570 0.000185 0.999006 3.643926 1.330147 16.427758
0.998027 0.000147 -0.062789 -0.000169 1.000000 -0.000345 0.062789 0.000354 0.998027 3.596617 1.311516 16.994281
0.999630 0.000001 -0.027219 -0.000009 1.000000 -0.000294 0.027219 0.000295 0.999630 3.566217 1.283735 17.467883
0.999427 0.000167 -0.033862 -0.000184 1.000000 -0.000498 0.033862 0.000504 0.999426 3.472460 1.282924 18.125878
0.998129 0.000095 -0.061144 -0.000122 1.000000 -0.000438 0.061143 0.000445 0.998129 3.353977 1.294765 18.809075
0.996937 0.000060 -0.078213 -0.000088 1.000000 -0.000356 0.078213 0.000361 0.996937 3.236584 1.291010 19.469900
0.998422 0.000033 -0.056156 -0.000051 1.000000 -0.000326 0.056156 0.000329 0.998422 3.056367 1.271472 19.698528
0.999570 0.000086 -0.029311 -0.000097 1.000000 -0.000367 0.029311 0.000369 0.999570 2.778673 1.211083 19.639328
0.998658 -0.000112 -0.051788 0.000093 1.000000 -0.000383 0.051788 0.000378 0.998658 2.745960 1.196305 20.443878
0.999879 -0.000217 -0.015526 0.000210 1.000000 -0.000455 0.015526 0.000452 0.999879 2.438222 1.139084 20.062128
0.997706 -0.000205 -0.067695 0.000180 1.000000 -0.000386 0.067695 0.000373 0.997706 2.373831 1.194565 21.526964
0.999316 -0.000034 -0.036977 0.000030 1.000000 -0.000121 0.036977 0.000120 0.999316 2.091982 1.265922 21.935378
0.998852 -0.000029 -0.047897 0.000024 1.000000 -0.000104 0.047897 0.000103 0.998852 1.928413 1.303049 22.714758
0.999387 -0.000019 -0.035017 0.000015 1.000000 -0.000097 0.035017 0.000097 0.999387 1.776573 1.366750 23.372031
0.999279 0.000001 -0.037964 -0.000003 1.000000 -0.000062 0.037964 0.000062 0.999279 1.629114 1.392870 24.440319
0.997206 -0.000019 -0.074701 0.000013 1.000000 -0.000085 0.074701 0.000084 0.997206 1.297344 1.361701 24.587847
0.999851 -0.000050 -0.017275 0.000048 1.000000 -0.000148 0.017275 0.000147 0.999851 1.169138 1.296623 24.973631
0.998217 0.000009 -0.059690 -0.000013 1.000000 -0.000075 0.059690 0.000076 0.998217 0.904000 1.379595 25.720778
0.994822 -0.000010 -0.101640 -0.000005 1.000000 -0.000150 0.101640 0.000150 0.994822 0.619654 1.396616 25.891258
0.996615 0.000005 -0.082208 -0.000007 1.000000 -0.000024 0.082208 0.000024 0.996615 0.443024 1.422288 25.826786
0.998207 -0.000002 -0.059861 -0.000010 1.000000 -0.000206 0.059861 0.000206 0.998207 0.166917 1.294624 24.235247
0.993374 0.000009 -0.114925 -0.000017 1.000000 -0.000072 0.114925 0.000074 0.993374 0.118571 1.332576 27.903017
