0.997219 -0.000511 -0.074529 0.000408 0.999999 -0.001400 0.074531 0.001366 0.997218 2.705075 0.760400 7.503970
0.995205 -0.000331 -0.097804 0.000269 1.000000 -0.000646 0.097804 0.000616 0.995205 2.784433 0.760400 8.004926
0.995833 0.000244 -0.091190 -0.000332 0.999999 -0.000951 0.091190 0.000977 0.995833 2.805357 0.760400 8.299153
0.995070 0.000241 -0.099173 -0.000300 1.000000 -0.000582 0.099173 0.000609 0.995070 2.846230 0.760400 8.641852
0.995736 0.000327 -0.092244 -0.000353 1.000000 -0.000262 0.092244 0.000294 0.995736 2.910052 0.760400 9.045661
0.997438 0.000274 -0.071543 -0.000277 1.000000 -0.000025 0.071543 0.000045 0.997438 2.807862 0.760400 9.035163
0.997354 0.000268 -0.072703 -0.000332 1.000000 -0.000864 0.072704 0.000886 0.997353 2.827191 0.760400 9.386941
0.995632 0.000044 -0.093368 -0.000064 1.000000 -0.000212 0.093368 0.000217 0.995632 2.845883 0.760400 9.741753
0.996767 0.000156 -0.080348 -0.000171 1.000000 -0.000181 0.080348 0.000194 0.996767 2.863996 0.760400 10.099640
0.999123 0.000322 -0.041867 -0.000344 1.000000 -0.000520 0.041867 0.000534 0.999123 2.881582 0.760400 10.460642
0.999564 0.000205 -0.029537 -0.000217 1.000000 -0.000400 0.029537 0.000406 0.999564 2.898687 0.760400 10.824799
0.996168 0.000373 -0.087464 -0.000383 1.000000 -0.000105 0.087464 0.000139 0.996168 2.868520 0.760400 11.101048
0.998064 0.000123 -0.062194 -0.000114 1.000000 0.000154 0.062194 -0.000146 0.998064 2.838178 0.760400 11.372516
0.997456 0.000131 -0.071286 -0.000143 1.000000 -0.000165 0.071286 0.000175 0.997456 2.807717 0.760400 11.639327
0.993657 -0.000004 -0.112452 0.000004 1.000000 -0.000005 0.112452 0.000005 0.993657 2.777186 0.760400 11.901600
0.996738 0.000015 -0.080710 -0.000033 1.000000 -0.000224 0.080710 0.000226 0.996738 2.746630 0.760400 12.159449
0.998282 0.000037 -0.058592 -0.000043 1.000000 -0.000109 0.058592 0.000112 0.998282 2.709545 0.760400 12.411966
0.997783 0.000029 -0.066562 -0.000035 1.000000 -0.000090 0.066562 0.000092 0.997783 2.640311 0.760400 12.658625
0.998783 0.000079 -0.049324 -0.000085 1.000000 -0.000119 0.049324 0.000123 0.998783 2.587891 0.760400 12.900383
0.999006 0.000107 -0.044570 -0.000115 1.000000 -0.000180 0.044570 0.000185 0.999006 2.536001 0.760400 13.137136
0.998027 0.000147 -0.062789 -0.000169 1.000000 -0.000345 0.062789 0.000354 0.998027 2.484664 0.760400 13.369038
0.999630 0.000001 -0.027219 -0.000009 1.000000 -0.000294 0.027219 0.000295 0.999630 2.421105 0.760400 13.793553
0.999427 0.000167 -0.033862 -0.000184 1.000000 -0.000498 0.033862 0.000504 0.999426 2.355973 0.760400 14.223835
0.998129 0.000095 -0.061144 -0.000122 1.000000 -0.000438 0.061143 0.000445 0.998129 2.289278 0.760400 14.660000
0.996937 0.000060 -0.078213 -0.000088 1.000000 -0.000356 0.078213 0.000361 0.996937 2.221027 0.760400 15.102168
0.998422 0.000033 -0.056156 -0.000051 1.000000 -0.000326 0.056156 0.000329 0.998422 2.151227 0.760400 15.550461
0.999570 0.000086 -0.029311 -0.000097 1.000000 -0.000367 0.029311 0.000369 0.999570 2.021864 0.760400 15.939704
0.998658 -0.000112 -0.051788 0.000093 1.000000 -0.000383 0.051788 0.000378 0.998658 1.891990 0.760400 16.327670
0.999879 -0.000217 -0.015526 0.000210 1.000000 -0.000455 0.015526 0.000452 0.999879 1.761668 0.760400 16.714363
0.997706 -0.000205 -0.067695 0.000180 1.000000 -0.000386 0.067695 0.000373 0.997706 1.630959 0.760400 17.099790
0.999316 -0.000034 -0.036977 0.000030 1.000000 -0.000121 0.036977 0.000120 0.999316 1.499916 0.760400 17.483958
0.998852 -0.000029 -0.047897 0.000024 1.000000 -0.000104 0.047897 0.000103 0.998852 1.332958 0.760400 17.708378
0.999387 -0.000019 -0.035017 0.000015 1.000000 -0.000097 0.035017 0.000097 0.999387 1.168826 0.760400 17.928120
0.999279 0.000001 -0.037964 -0.000003 1.000000 -0.000062 0.037964 0.000062 0.999279 1.007468 0.760400 18.143329
0.997206 -0.000019 -0.074701 0.000013 1.000000 -0.000085 0.074701 0.000084 0.997206 0.848833 0.760400 18.354146
0.999851 -0.000050 -0.017275 0.000048 1.000000 -0.000148 0.017275 0.000147 0.999851 0.692868 0.760400 18.560704
0.998217 0.000009 -0.059690 -0.000013 1.000000 -0.000075 0.059690 0.000076 0.998217 0.543507 0.760400 18.720062
0.994822 -0.000010 -0.101640 -0.000005 1.000000 -0.000150 0.101640 0.000150 0.994822 0.396785 0.760400 18.876180
0.996615 0.000005 -0.082208 -0.000007 1.000000 -0.000024 0.082208 0.000024 0.996615 0.252639 0.760400 19.029159
0.998207 -0.000002 -0.059861 -0.000010 1.000000 -0.000206 0.059861 0.000206 0.998207 0.142127 0.760400 19.926169
0.993374 0.000009 -0.114925 -0.000017 1.000000 -0.000072 0.114925 0.000074 0.993374 0.023849 0.760400 20.883559
