0.992215 -0.000007 -0.124533 -0.000373 0.999995 -0.003033 0.124532 0.003056 0.992210 2.395448 0.760400 7.620355
0.993788 0.000258 -0.111283 -0.000620 0.999995 -0.003215 0.111282 0.003264 0.993783 2.295397 0.760400 7.941795
0.990233 -0.000774 -0.139415 0.000406 0.999996 -0.002671 0.139416 0.002588 0.990231 2.193077 0.760400 8.260733
0.994026 -0.000043 -0.109137 -0.000059 1.000000 -0.000930 0.109137 0.000931 0.994026 2.088845 0.760400 8.577197
0.995401 0.000067 -0.095797 -0.000158 1.000000 -0.000942 0.095797 0.000953 0.995400 1.983004 0.760400 8.891217
0.991036 -0.000513 -0.133592 0.000333 0.999999 -0.001369 0.133593 0.001313 0.991036 1.869192 0.760400 9.190711
0.994887 -0.000126 -0.100986 0.000008 0.999999 -0.001166 0.100986 0.001160 0.994887 1.754371 0.760400 9.487966
0.993642 -0.000228 -0.112578 0.000166 1.000000 -0.000557 0.112578 0.000535 0.993642 1.638717 0.760400 9.783006
0.990630 -0.000410 -0.136568 0.000237 0.999999 -0.001284 0.136569 0.001239 0.990630 1.522383 0.760400 10.075856
0.994174 -0.000480 -0.107784 0.000303 0.999999 -0.001654 0.107785 0.001611 0.994173 1.405504 0.760400 10.366540
0.997178 -0.000855 -0.075072 0.000702 0.999998 -0.002059 0.075073 0.002001 0.997176 1.308360 0.760400 10.701666
0.993267 -0.000841 -0.115843 0.000626 0.999998 -0.001896 0.115844 0.001810 0.993266 1.210350 0.760400 11.035721
0.994573 -0.000194 -0.104041 0.000096 1.000000 -0.000945 0.104041 0.000930 0.994573 1.111578 0.760400 11.368709
0.994624 -0.000136 -0.103556 0.000022 0.999999 -0.001102 0.103556 0.001094 0.994623 1.012136 0.760400 11.700636
0.992800 -0.000281 -0.119785 0.000130 0.999999 -0.001264 0.119785 0.001239 0.992799 0.912106 0.760400 12.031506
0.995121 -0.000258 -0.098659 0.000085 0.999998 -0.001751 0.098659 0.001734 0.995120 0.837963 0.760400 12.361722
0.996773 -0.000045 -0.080273 -0.000041 0.999999 -0.001071 0.080273 0.001071 0.996772 0.763823 0.760400 12.689292
0.998103 -0.000010 -0.061557 -0.000053 0.999999 -0.001026 0.061557 0.001027 0.998103 0.689731 0.760400 13.014246
0.998301 -0.000019 -0.058272 -0.000050 0.999999 -0.001187 0.058272 0.001188 0.998300 0.615730 0.760400 13.336618
0.997572 0.000214 -0.069651 -0.000222 1.000000 -0.000105 0.069651 0.000120 0.997572 0.541855 0.760400 13.656437
0.986569 -0.000030 -0.163345 -0.000046 1.000000 -0.000460 0.163345 0.000461 0.986569 0.453501 0.760400 13.901854
0.996982 -0.000030 -0.077631 -0.000020 1.000000 -0.000648 0.077631 0.000648 0.996982 0.365869 0.760400 14.144080
0.999963 0.000031 -0.008589 -0.000040 0.999999 -0.001036 0.008589 0.001036 0.999962 0.278972 0.760400 14.383176
0.999983 0.000277 -0.005917 -0.000294 0.999996 -0.002902 0.005917 0.002904 0.999978 0.192819 0.760400 14.619203
0.998281 0.000150 -0.058614 -0.000177 1.000000 -0.000466 0.058614 0.000475 0.998281 0.107419 0.760400 14.852219
0.998870 0.000058 -0.047519 -0.000065 1.000000 -0.000139 0.047519 0.000141 0.998870 0.038197 0.760400 14.629391
0.971844 -0.000241 -0.235626 -0.000016 0.999999 -0.001087 0.235626 0.001061 0.971844 -0.026020 0.760400 14.423342
0.999589 0.000132 -0.028673 -0.000154 1.000000 -0.000743 0.028673 0.000747 0.999588 -0.099539 0.760400 15.278667
0.989617 -0.000173 -0.143724 0.000104 1.000000 -0.000482 0.143724 0.000462 0.989617 -0.180318 0.760400 16.215792
0.997285 -0.000067 -0.073639 0.000053 1.000000 -0.000197 0.073639 0.000193 0.997285 -0.269439 0.760400 17.247040
0.988631 0.000339 -0.150362 -0.000495 0.999999 -0.001001 0.150362 0.001064 0.988630 -0.316327 0.760400 17.266858
0.998778 0.000573 0.049420 -0.000547 1.000000 -0.000543 -0.049420 0.000516 0.998778 -0.361742 0.760400 17.286011
0.991915 -0.000116 -0.126902 0.000129 1.000000 0.000097 0.126902 -0.000113 0.991915 -0.405754 0.760400 17.304532
0.996728 0.000133 -0.080836 -0.000154 1.000000 -0.000254 0.080836 0.000265 0.996727 -0.448426 0.760400 17.322450
0.997512 0.000076 -0.070497 -0.000135 1.000000 -0.000835 0.070497 0.000843 0.997512 -0.489818 0.760400 17.339795
0.977553 0.000416 -0.210690 -0.000493 1.000000 -0.000315 0.210690 0.000412 0.977553 -0.508582 0.760400 17.584814
1.000000 0.000164 0.000237 -0.000164 1.000000 -0.000227 -0.000237 0.000227 1.000000 -0.527397 0.760400 17.830463
0.988400 -0.000027 -0.151875 0.000024 1.000000 -0.000023 0.151875 0.000019 0.988400 -0.546264 0.760400 18.076743
0.999961 0.000284 0.008815 -0.000274 0.999999 -0.001134 -0.008815 0.001132 0.999961 -0.565182 0.760400 18.323657
0.995806 0.000231 0.091494 -0.000161 1.000000 -0.000778 -0.091494 0.000760 0.995806 -0.584152 0.760400 18.571207
0.999496 0.000134 -0.031720 -0.000144 1.000000 -0.000313 0.031720 0.000318 0.999496 -0.568378 0.760400 18.826567
0.999211 0.000109 -0.039711 -0.000115 1.000000 -0.000150 0.039711 0.000154 0.999211 -0.556626 0.760400 19.082749
0.999936 0.000042 -0.011266 -0.000050 1.000000 -0.000762 0.011266 0.000763 0.999936 -0.544875 0.760400 19.339758
0.999015 0.000031 -0.044382 -0.000099 0.999999 -0.001529 0.044382 0.001532 0.999014 -0.533085 0.760400 19.597598
0.999999 0.000092 0.001753 -0.000092 1.000000 0.000398 -0.001753 -0.000398 0.999999 -0.521256 0.760400 19.856272
0.999928 0.000004 0.011927 0.000001 1.000000 -0.000415 -0.011927 0.000415 0.999928 -0.516366 0.760400 20.158007
0.999999 -0.000013 -0.000704 0.000013 1.000000 -0.000143 0.000704 0.000143 0.999999 -0.511431 0.760400 20.462425
0.976414 0.000104 -0.215906 -0.000384 0.999999 -0.001253 0.215906 0.001307 0.976414 -0.506453 0.760400 20.769560
0.979563 -0.000011 -0.201138 -0.000111 1.000000 -0.000597 0.201138 0.000607 0.979563 -0.501429 0.760400 21.079451
0.999252 0.000250 0.038666 -0.000202 0.999999 -0.001255 -0.038666 0.001247 0.999251 -0.496360 0.760400 21.392134
0.999366 0.000041 -0.035619 -0.000074 1.000000 -0.000926 0.035619 0.000928 0.999365 -0.501683 0.760400 21.602306
0.983508 0.000227 0.180861 0.000117 0.999998 -0.001892 -0.180861 0.001882 0.983506 -0.506984 0.760400 21.811538
0.994913 0.000118 0.100737 -0.000018 1.000000 -0.000998 -0.100737 0.000991 0.994913 -0.512261 0.760400 22.019835
0.992976 -0.000036 0.118315 0.000070 1.000000 -0.000285 -0.118315 0.000291 0.992976 -0.517515 0.760400 22.227205
0.995470 -0.000392 0.095077 0.000555 0.999998 -0.001695 -0.095076 0.001740 0.995468 -0.522746 0.760400 22.433652
0.997542 0.000191 0.070063 -0.000161 1.000000 -0.000423 -0.070063 0.000410 0.997542 -0.548070 0.760400 23.417263
0.981120 0.000451 0.193400 -0.000369 1.000000 -0.000458 -0.193400 0.000378 0.981120 -0.575153 0.760400 24.468955
0.999918 -0.000024 -0.012775 -0.000001 0.999998 -0.001971 0.012776 0.001971 0.999916 -0.532535 0.760400 23.775296
0.963527 0.000897 0.267611 -0.000360 0.999998 -0.002056 -0.267613 0.001884 0.963524 -0.493493 0.760400 23.139970
0.997381 0.000010 0.072318 0.000024 1.000000 -0.000463 -0.072318 0.000463 0.997381 -0.457596 0.760400 22.555922
0.985501 -0.000237 0.169670 0.000383 1.000000 -0.000829 -0.169670 0.000882 0.985500 -0.454980 0.760400 22.742919
0.999796 -0.000133 -0.020212 0.000114 1.000000 -0.000943 0.020212 0.000941 0.999796 -0.452387 0.760400 22.928454
0.999987 -0.000004 0.005158 0.000007 1.000000 -0.000677 -0.005158 0.000677 0.999986 -0.449817 0.760400 23.112545
0.999684 -0.000089 -0.025114 0.000072 1.000000 -0.000663 0.025114 0.000661 0.999684 -0.447268 0.760400 23.295209
0.992282 -0.000231 -0.124001 0.000132 1.000000 -0.000807 0.124001 0.000784 0.992282 -0.444741 0.760400 23.476463
0.999389 0.000089 -0.034953 -0.000127 0.999999 -0.001094 0.034953 0.001098 0.999388 -0.441166 0.760400 23.875773
0.998231 0.000120 0.059463 -0.000079 1.000000 -0.000695 -0.059463 0.000690 0.998231 -0.437555 0.760400 24.279096
0.998704 0.000253 0.050888 -0.000209 1.000000 -0.000888 -0.050888 0.000876 0.998704 -0.433907 0.760400 24.686493
0.996567 0.000431 0.082796 -0.000325 0.999999 -0.001294 -0.082796 0.001263 0.996566 -0.430222 0.760400 25.098025
0.984080 -0.000030 0.177725 0.000113 1.000000 -0.000458 -0.177725 0.000471 0.984080 -0.426499 0.760400 25.513757
0.998459 0.000029 0.055498 -0.000008 1.000000 -0.000372 -0.055498 0.000371 0.998459 -0.395158 0.760400 25.295135
0.999559 -0.000001 0.029687 0.000008 1.000000 -0.000244 -0.029687 0.000244 0.999559 -0.365072 0.760400 25.085273
0.996788 -0.000003 0.080094 0.000071 1.000000 -0.000851 -0.080094 0.000854 0.996787 -0.336168 0.760400 24.883653
0.972639 0.000167 0.232320 -0.000084 1.000000 -0.000365 -0.232321 0.000335 0.972639 -0.308376 0.760400 24.689801
0.994681 0.000073 0.103003 0.000018 1.000000 -0.000881 -0.103003 0.000878 0.994681 -0.281635 0.760400 24.503275
0.995501 0.000112 0.094756 0.000023 0.999999 -0.001421 -0.094756 0.001417 0.995500 -0.274998 0.760400 24.777775
0.996268 0.000079 0.086319 0.000047 0.999999 -0.001456 -0.086319 0.001455 0.996267 -0.268330 0.760400 25.053540
0.997196 0.000208 0.074828 -0.000141 1.000000 -0.000904 -0.074828 0.000891 0.997196 -0.261631 0.760400 25.330580
0.999941 -0.000001 0.010856 0.000011 1.000000 -0.000933 -0.010856 0.000933 0.999941 -0.254901 0.760400 25.608903
0.999937 0.000255 0.011209 -0.000248 1.000000 -0.000602 -0.011209 0.000600 0.999937 -0.248139 0.760400 25.888518
0.998483 0.000025 0.055071 -0.000010 1.000000 -0.000272 -0.055071 0.000271 0.998483 -0.262761 0.760400 26.020423
0.996637 0.000409 0.081939 -0.000356 1.000000 -0.000671 -0.081940 0.000640 0.996637 -0.277337 0.760400 26.151919
0.996967 0.000003 0.077829 0.000043 1.000000 -0.000587 -0.077829 0.000588 0.996967 -0.291868 0.760400 26.283009
0.995240 0.000134 0.097451 -0.000062 1.000000 -0.000740 -0.097451 0.000730 0.995240 -0.306354 0.760400 26.413694
0.995501 -0.000010 0.094756 0.000056 1.000000 -0.000484 -0.094756 0.000487 0.995501 -0.320796 0.760400 26.543977
0.989916 -0.000101 0.141657 0.000200 1.000000 -0.000679 -0.141657 0.000700 0.989916 -0.313657 0.760400 27.088940
0.999999 -0.000068 0.001198 0.000069 1.000000 -0.000694 -0.001198 0.000694 0.999999 -0.306269 0.760400 27.652914
0.997157 -0.000008 -0.075355 -0.000021 1.000000 -0.000383 0.075355 0.000383 0.997157 -0.298619 0.760400 28.236914
0.994037 0.000001 0.109042 0.000034 1.000000 -0.000321 -0.109042 0.000323 0.994037 -0.290692 0.760400 28.842022
0.992328 0.000192 0.123634 -0.000052 0.999999 -0.001131 -0.123634 0.001116 0.992327 -0.282474 0.760400 29.469406
0.990007 -0.000055 0.141015 0.000212 0.999999 -0.001100 -0.141015 0.001119 0.990006 -0.264543 0.760400 29.367109
0.999992 0.000076 -0.004012 -0.000080 1.000000 -0.000887 0.004012 0.000887 0.999992 -0.246897 0.760400 29.266441
