0.992215 -0.000007 -0.124533 -0.000373 0.999995 -0.003033 0.124532 0.003056 0.992210 3.425523 1.152426 8.663054
0.993788 0.000258 -0.111283 -0.000620 0.999995 -0.003215 0.111282 0.003264 0.993783 3.263199 1.170371 8.962085
0.990233 -0.000774 -0.139415 0.000406 0.999996 -0.002671 0.139416 0.002588 0.990231 2.916122 1.183117 9.149532
0.994026 -0.000043 -0.109137 -0.000059 1.000000 -0.000930 0.109137 0.000931 0.994026 2.675323 1.107516 9.224397
0.995401 0.000067 -0.095797 -0.000158 1.000000 -0.000942 0.095797 0.000953 0.995400 2.487037 1.081402 9.524918
0.991036 -0.000513 -0.133592 0.000333 0.999999 -0.001369 0.133593 0.001313 0.991036 2.220063 1.121834 9.739370
0.994887 -0.000126 -0.100986 0.000008 0.999999 -0.001166 0.100986 0.001160 0.994887 1.936061 1.082089 9.629363
0.993642 -0.000228 -0.112578 0.000166 1.000000 -0.000557 0.112578 0.000535 0.993642 1.843497 1.137974 10.170485
0.990630 -0.000410 -0.136568 0.000237 0.999999 -0.001284 0.136569 0.001239 0.990630 1.698519 1.133964 10.609850
0.994174 -0.000480 -0.107784 0.000303 0.999999 -0.001654 0.107785 0.001611 0.994173 1.411734 1.034759 10.279929
0.997178 -0.000855 -0.075072 0.000702 0.999998 -0.002059 0.075073 0.002001 0.997176 1.364195 0.984038 10.689602
0.993267 -0.000841 -0.115843 0.000626 0.999998 -0.001896 0.115844 0.001810 0.993266 1.325191 1.013591 11.564941
0.994573 -0.000194 -0.104041 0.000096 1.000000 -0.000945 0.104041 0.000930 0.994573 1.171558 0.988357 11.755376
0.994624 -0.000136 -0.103556 0.000022 0.999999 -0.001102 0.103556 0.001094 0.994623 0.978508 0.969824 11.725286
0.992800 -0.000281 -0.119785 0.000130 0.999999 -0.001264 0.119785 0.001239 0.992799 0.814462 1.007537 12.039831
0.995121 -0.000258 -0.098659 0.000085 0.999998 -0.001751 0.098659 0.001734 0.995120 0.768517 1.023722 12.451617
0.996773 -0.000045 -0.080273 -0.000041 0.999999 -0.001071 0.080273 0.001071 0.996772 0.702875 1.029073 12.914744
0.998103 -0.000010 -0.061557 -0.000053 0.999999 -0.001026 0.061557 0.001027 0.998103 0.760277 1.119330 14.090581
0.998301 -0.000019 -0.058272 -0.000050 0.999999 -0.001187 0.058272 0.001188 0.998300 0.675192 1.084356 14.317072
0.997572 0.000214 -0.069651 -0.000222 1.000000 -0.000105 0.069651 0.000120 0.997572 0.669216 1.162719 16.428444
0.986569 -0.000030 -0.163345 -0.000046 1.000000 -0.000460 0.163345 0.000461 0.986569 0.423180 1.249263 16.175083
0.996982 -0.000030 -0.077631 -0.000020 1.000000 -0.000648 0.077631 0.000648 0.996982 0.437067 1.173233 15.943931
0.999963 0.000031 -0.008589 -0.000040 0.999999 -0.001036 0.008589 0.001036 0.999962 0.391005 1.137914 15.731103
0.999983 0.000277 -0.005917 -0.000294 0.999996 -0.002902 0.005917 0.002904 0.999978 0.365109 1.169585 17.106242
0.998281 0.000150 -0.058614 -0.000177 1.000000 -0.000466 0.058614 0.000475 0.998281 0.090634 1.186080 16.493547
0.998870 0.000058 -0.047519 -0.000065 1.000000 -0.000139 0.047519 0.000141 0.998870 0.014890 1.286929 16.511803
0.971844 -0.000241 -0.235626 -0.000016 0.999999 -0.001087 0.235626 0.001061 0.971844 -0.227994 1.754433 20.938978
0.999589 0.000132 -0.028673 -0.000154 1.000000 -0.000743 0.028673 0.000747 0.999588 -0.171283 1.163617 16.820028
0.989617 -0.000173 -0.143724 0.000104 1.000000 -0.000482 0.143724 0.000462 0.989617 -0.395933 1.065152 17.146858
0.997285 -0.000067 -0.073639 0.000053 1.000000 -0.000197 0.073639 0.000193 0.997285 -0.400912 1.059123 19.292858
0.988631 0.000339 -0.150362 -0.000495 0.999999 -0.001001 0.150362 0.001064 0.988630 -1.739682 1.548216 24.090778
0.998778 0.000573 0.049420 -0.000547 1.000000 -0.000543 -0.049420 0.000516 0.998778 -2.004821 1.530062 24.153378
0.991915 -0.000116 -0.126902 0.000129 1.000000 0.000097 0.126902 -0.000113 0.991915 -0.770512 1.213732 20.616661
0.996728 0.000133 -0.080836 -0.000154 1.000000 -0.000254 0.080836 0.000265 0.996727 -0.749625 1.132946 21.463281
0.997512 0.000076 -0.070497 -0.000135 1.000000 -0.000835 0.070497 0.000843 0.997512 -0.713069 1.307551 23.976292
0.977553 0.000416 -0.210690 -0.000493 1.000000 -0.000315 0.210690 0.000412 0.977553 -1.732605 1.494398 23.672847
1.000000 0.000164 0.000237 -0.000164 1.000000 -0.000227 -0.000237 0.000227 1.000000 -2.153969 1.441035 24.546181
0.988400 -0.000027 -0.151875 0.000024 1.000000 -0.000023 0.151875 0.000019 0.988400 -0.892979 1.135079 19.206047
0.999961 0.000284 0.008815 -0.000274 0.999999 -0.001134 -0.008815 0.001132 0.999961 -2.042947 1.519549 25.102922
0.995806 0.000231 0.091494 -0.000161 1.000000 -0.000778 -0.091494 0.000760 0.995806 -2.089404 1.368093 25.385753
0.999496 0.000134 -0.031720 -0.000144 1.000000 -0.000313 0.031720 0.000318 0.999496 -0.758748 1.116503 21.811692
0.999211 0.000109 -0.039711 -0.000115 1.000000 -0.000150 0.039711 0.000154 0.999211 -0.739258 1.133989 20.104314
0.999936 0.000042 -0.011266 -0.000050 1.000000 -0.000762 0.011266 0.000763 0.999936 -0.709611 1.164244 21.141903
0.999015 0.000031 -0.044382 -0.000099 0.999999 -0.001529 0.044382 0.001532 0.999014 -2.219183 1.346170 26.383561
0.999999 0.000092 0.001753 -0.000092 1.000000 0.000398 -0.001753 -0.000398 0.999999 -0.692420 1.144684 22.928656
0.999928 0.000004 0.011927 0.000001 1.000000 -0.000415 -0.011927 0.000415 0.999928 -0.648006 1.039449 22.229739
0.999999 -0.000013 -0.000704 0.000013 1.000000 -0.000143 0.000704 0.000143 0.999999 -0.631221 1.067766 25.307128
0.976414 0.000104 -0.215906 -0.000384 0.999999 -0.001253 0.215906 0.001307 0.976414 -1.160324 1.336991 27.062678
0.979563 -0.000011 -0.201138 -0.000111 1.000000 -0.000597 0.201138 0.000607 0.979563 -1.473413 1.246040 27.258089
0.999252 0.000250 0.038666 -0.000202 0.999999 -0.001255 -0.038666 0.001247 0.999251 -1.610863 1.252648 28.096867
0.999366 0.000041 -0.035619 -0.000074 1.000000 -0.000926 0.035619 0.000928 0.999365 -0.813586 1.036309 27.280894
0.983508 0.000227 0.180861 0.000117 0.999998 -0.001892 -0.180861 0.001882 0.983506 -1.074127 0.824222 28.569914
0.994913 0.000118 0.100737 -0.000018 1.000000 -0.000998 -0.100737 0.000991 0.994913 -2.091361 1.230456 28.907744
0.992976 -0.000036 0.118315 0.000070 1.000000 -0.000285 -0.118315 0.000291 0.992976 -0.719670 1.088692 29.129608
0.995470 -0.000392 0.095077 0.000555 0.999998 -0.001695 -0.095076 0.001740 0.995468 -1.553231 0.707373 29.337186
0.997542 0.000191 0.070063 -0.000161 1.000000 -0.000423 -0.070063 0.000410 0.997542 -1.685577 0.873161 30.212406
0.981120 0.000451 0.193400 -0.000369 1.000000 -0.000458 -0.193400 0.000378 0.981120 -1.657768 0.950494 31.264119
0.999918 -0.000024 -0.012775 -0.000001 0.999998 -0.001971 0.012776 0.001971 0.999916 -0.615359 1.228634 30.602119
0.963527 0.000897 0.267611 -0.000360 0.999998 -0.002056 -0.267613 0.001884 0.963524 -0.983516 0.913040 29.845464
0.997381 0.000010 0.072318 0.000024 1.000000 -0.000463 -0.072318 0.000463 0.997381 -0.769263 1.191209 29.453064
0.985501 -0.000237 0.169670 0.000383 1.000000 -0.000829 -0.169670 0.000882 0.985500 -1.229583 1.172953 29.633000
0.999796 -0.000133 -0.020212 0.000114 1.000000 -0.000943 0.020212 0.000941 0.999796 -1.312458 0.880721 29.567689
0.999987 -0.000004 0.005158 0.000007 1.000000 -0.000677 -0.005158 0.000677 0.999986 -0.724484 1.187305 29.731458
0.999684 -0.000089 -0.025114 0.000072 1.000000 -0.000663 0.025114 0.000661 0.999684 -0.784258 0.961573 29.878439
0.992282 -0.000231 -0.124001 0.000132 1.000000 -0.000807 0.124001 0.000784 0.992282 -1.721921 0.899048 29.693717
0.999389 0.000089 -0.034953 -0.000127 0.999999 -0.001094 0.034953 0.001098 0.999388 -1.725811 0.995334 30.079294
0.998231 0.000120 0.059463 -0.000079 1.000000 -0.000695 -0.059463 0.000690 0.998231 -1.950284 1.348450 31.177367
0.998704 0.000253 0.050888 -0.000209 1.000000 -0.000888 -0.050888 0.000876 0.998704 -1.088299 0.887667 31.537100
0.996567 0.000431 0.082796 -0.000325 0.999999 -0.001294 -0.082796 0.001263 0.996566 -0.836616 0.891897 31.958336
0.984080 -0.000030 0.177725 0.000113 1.000000 -0.000458 -0.177725 0.000471 0.984080 -1.951908 1.283699 32.413539
0.998459 0.000029 0.055498 -0.000008 1.000000 -0.000372 -0.055498 0.000371 0.998459 -0.485287 1.239621 32.000256
0.999559 -0.000001 0.029687 0.000008 1.000000 -0.000244 -0.029687 0.000244 0.999559 -0.582349 1.097869 31.931322
0.996788 -0.000003 0.080094 0.000071 1.000000 -0.000851 -0.080094 0.000854 0.996787 -0.439022 1.406076 31.486339
0.972639 0.000167 0.232320 -0.000084 1.000000 -0.000365 -0.232321 0.000335 0.972639 -1.239516 1.176329 31.433092
0.994681 0.000073 0.103003 0.000018 1.000000 -0.000881 -0.103003 0.000878 0.994681 -0.563016 1.051328 31.404739
0.995501 0.000112 0.094756 0.000023 0.999999 -0.001421 -0.094756 0.001417 0.995500 -1.722274 1.150474 31.671533
0.996268 0.000079 0.086319 0.000047 0.999999 -0.001456 -0.086319 0.001455 0.996267 -0.515820 1.094637 31.950808
0.997196 0.000208 0.074828 -0.000141 1.000000 -0.000904 -0.074828 0.000891 0.997196 -0.556796 1.185168 32.126319
0.999941 -0.000001 0.010856 0.000011 1.000000 -0.000933 -0.010856 0.000933 0.999941 -0.490586 1.281182 32.453572
0.999937 0.000255 0.011209 -0.000248 1.000000 -0.000602 -0.011209 0.000600 0.999937 -0.581449 1.344976 32.641447
0.998483 0.000025 0.055071 -0.000010 1.000000 -0.000272 -0.055071 0.000271 0.998483 -0.430169 1.338329 31.672075
0.996637 0.000409 0.081939 -0.000356 1.000000 -0.000671 -0.081940 0.000640 0.996637 -0.656588 1.269300 33.048347
0.996967 0.000003 0.077829 0.000043 1.000000 -0.000587 -0.077829 0.000588 0.996967 -0.429276 1.239444 33.081569
0.995240 0.000134 0.097451 -0.000062 1.000000 -0.000740 -0.097451 0.000730 0.995240 -0.670428 1.194813 33.294192
0.995501 -0.000010 0.094756 0.000056 1.000000 -0.000484 -0.094756 0.000487 0.995501 -0.479928 1.221219 33.299622
0.989916 -0.000101 0.141657 0.000200 1.000000 -0.000679 -0.141657 0.000700 0.989916 -1.852164 1.353567 33.942131
0.999999 -0.000068 0.001198 0.000069 1.000000 -0.000694 -0.001198 0.000694 0.999999 -1.698436 1.301565 34.176172
0.997157 -0.000008 -0.075355 -0.000021 1.000000 -0.000383 0.075355 0.000383 0.997157 -1.467161 1.152209 34.712442
0.994037 0.000001 0.109042 0.000034 1.000000 -0.000321 -0.109042 0.000323 0.994037 -0.486555 1.089259 35.575725
0.992328 0.000192 0.123634 -0.000052 0.999999 -0.001131 -0.123634 0.001116 0.992327 -1.634583 1.290337 36.339219
0.990007 -0.000055 0.141015 0.000212 0.999999 -0.001100 -0.141015 0.001119 0.990006 -1.371112 1.435254 36.263294
0.999992 0.000076 -0.004012 -0.000080 1.000000 -0.000887 0.004012 0.000887 0.999992 -1.672044 1.210490 36.159917
