0.998320 -0.000132 -0.057931 0.000103 1.000000 -0.000499 0.057931 0.000493 0.998320 -0.623092 0.760400 24.155457
0.999012 -0.000011 0.044431 0.000019 1.000000 -0.000183 -0.044431 0.000184 0.999012 -0.626525 0.760400 24.180014
0.992758 0.000275 0.120132 -0.000260 1.000000 -0.000144 -0.120132 0.000111 0.992758 -0.624264 0.760400 24.869997
0.997790 -0.000177 -0.066443 0.000120 1.000000 -0.000866 0.066443 0.000856 0.997790 -0.621921 0.760400 25.584682
0.995783 -0.000034 0.091740 0.000086 1.000000 -0.000566 -0.091740 0.000571 0.995783 -0.612668 0.760400 25.744419
0.996878 0.000096 0.078951 -0.000071 1.000000 -0.000321 -0.078951 0.000315 0.996878 -0.603512 0.760400 25.902481
0.997568 0.000158 0.069696 -0.000141 1.000000 -0.000257 -0.069696 0.000246 0.997568 -0.569675 0.760400 25.078990
0.985863 0.000650 0.167551 -0.000393 0.999999 -0.001565 -0.167552 0.001477 0.985862 -0.538787 0.760400 24.327303
0.993268 0.000284 0.115841 -0.000176 1.000000 -0.000943 -0.115841 0.000916 0.993267 -0.510480 0.760400 23.638423
0.997392 -0.000089 -0.072186 0.000010 0.999999 -0.001097 0.072186 0.001094 0.997391 -0.484327 0.760400 24.546671
0.998177 0.000391 0.060356 -0.000334 0.999999 -0.000958 -0.060356 0.000936 0.998177 -0.456558 0.760400 25.510996
0.999904 0.000058 0.013841 -0.000043 0.999999 -0.001031 -0.013841 0.001030 0.999904 -0.427019 0.760400 26.536760
0.998290 0.000189 0.058458 -0.000160 1.000000 -0.000500 -0.058458 0.000490 0.998290 -0.395534 0.760400 27.630025
0.999518 0.000280 -0.031038 -0.000299 1.000000 -0.000589 0.031038 0.000598 0.999518 -0.361906 0.760400 28.797683
0.996529 0.000346 0.083252 -0.000313 1.000000 -0.000415 -0.083252 0.000388 0.996529 -0.295460 0.760400 28.181921
0.973422 0.000565 0.229017 -0.000260 0.999999 -0.001361 -0.229018 0.001265 0.973421 -0.233351 0.760400 27.606356
0.991182 0.000451 0.132505 -0.000257 0.999999 -0.001482 -0.132506 0.001435 0.991181 -0.175166 0.760400 27.067175
0.999839 -0.000021 0.017959 0.000026 1.000000 -0.000313 -0.017959 0.000313 0.999839 -0.157575 0.760400 29.700948
0.998581 0.000051 0.053245 -0.000023 1.000000 -0.000536 -0.053245 0.000534 0.998581 -0.136381 0.760400 32.874009
0.995101 0.000120 0.098855 -0.000075 1.000000 -0.000462 -0.098855 0.000452 0.995101 -0.109167 0.760400 36.369226
0.997546 -0.000054 0.070021 0.000099 1.000000 -0.000640 -0.070021 0.000645 0.997545 -0.098403 0.760400 35.197793
0.994752 0.000283 0.102317 -0.000229 1.000000 -0.000534 -0.102317 0.000507 0.994752 -0.091681 0.760400 31.656730
0.985182 0.000220 0.171514 0.000168 0.999997 -0.002248 -0.171514 0.002243 0.985179 -0.086354 0.760400 28.850255
0.999980 -0.000065 0.006315 0.000070 1.000000 -0.000836 -0.006315 0.000836 0.999980 -0.109119 0.760400 28.885745
0.994301 0.000325 0.106615 -0.000215 0.999999 -0.001050 -0.106615 0.001021 0.994300 -0.147056 0.760400 30.185973
0.996071 0.000037 0.088559 0.000046 1.000000 -0.000934 -0.088559 0.000934 0.996070 -0.187958 0.760400 31.587826
0.993439 0.000015 0.114359 0.000097 1.000000 -0.000974 -0.114359 0.000978 0.993439 -0.230630 0.760400 31.575728
0.999508 0.000181 0.031370 -0.000163 1.000000 -0.000563 -0.031370 0.000557 0.999508 -0.272433 0.760400 31.563876
0.999315 0.000272 0.037013 -0.000243 1.000000 -0.000767 -0.037013 0.000757 0.999315 -0.313392 0.760400 31.552265
0.991337 -0.000036 0.131342 0.000088 1.000000 -0.000387 -0.131342 0.000395 0.991337 -0.380560 0.760400 31.931296
0.998757 0.000252 0.049849 -0.000236 1.000000 -0.000336 -0.049849 0.000324 0.998757 -0.448274 0.760400 32.313403
0.997973 0.000048 0.063631 -0.000050 1.000000 0.000034 -0.063631 -0.000037 0.997973 -0.564767 0.760400 35.486145
0.996605 0.000009 0.082340 -0.000006 1.000000 -0.000036 -0.082340 0.000036 0.996605 -0.705716 0.760400 39.324927
0.999415 0.000050 0.034202 -0.000054 1.000000 0.000114 -0.034202 -0.000115 0.999415 -0.879725 0.760400 44.064071
0.988812 0.000164 0.149169 -0.000008 0.999999 -0.001047 -0.149169 0.001034 0.988811 -0.941037 0.760400 43.267628
0.991478 -0.000021 0.130271 0.000067 1.000000 -0.000347 -0.130271 0.000352 0.991478 -0.999140 0.760400 42.512885
0.983792 0.000158 0.179310 -0.000099 1.000000 -0.000343 -0.179310 0.000320 0.983792 -1.054280 0.760400 41.796651
0.996711 -0.000050 0.081040 0.000088 1.000000 -0.000461 -0.081040 0.000467 0.996711 -0.966368 0.760400 38.726400
0.999995 -0.000019 -0.003135 0.000019 1.000000 -0.000261 0.003135 0.000261 0.999995 -0.892135 0.760400 36.133843
0.992208 0.000279 0.124594 -0.000215 1.000000 -0.000523 -0.124594 0.000492 0.992208 -0.873259 0.760400 35.356272
0.971724 0.000140 0.236121 0.000019 1.000000 -0.000672 -0.236121 0.000658 0.971723 -0.855406 0.760400 34.620852
0.997988 -0.000006 0.063399 0.000053 1.000000 -0.000739 -0.063399 0.000741 0.997988 -0.838496 0.760400 33.924243
0.995992 0.000021 0.089437 0.000081 0.999999 -0.001141 -0.089437 0.001144 0.995991 -0.822455 0.760400 33.263455
0.994613 0.000061 0.103663 0.000028 1.000000 -0.000858 -0.103663 0.000856 0.994612 -0.807219 0.760400 32.635793
0.990419 -0.000023 0.138098 0.000152 1.000000 -0.000926 -0.138098 0.000938 0.990419 -0.773747 0.760400 31.962206
0.989015 0.000001 0.147817 0.000142 1.000000 -0.000952 -0.147817 0.000963 0.989014 -0.742032 0.760400 31.323967
0.999997 0.000231 0.002274 -0.000228 0.999999 -0.001498 -0.002274 0.001498 0.999996 -0.738602 0.760400 32.143774
0.995061 0.000018 0.099263 0.000085 0.999999 -0.001025 -0.099263 0.001029 0.995061 -0.735013 0.760400 33.001573
0.998824 -0.000001 0.048493 0.000032 1.000000 -0.000645 -0.048493 0.000646 0.998824 -0.731253 0.760400 33.900067
0.991508 0.000086 0.130048 -0.000025 1.000000 -0.000471 -0.130048 0.000464 0.991508 -0.717122 0.760400 34.648379
0.984645 0.000157 0.174566 -0.000155 1.000000 -0.000023 -0.174566 -0.000005 0.984645 -0.702385 0.760400 35.428772
0.993924 0.000076 0.110069 -0.000026 1.000000 -0.000454 -0.110069 0.000448 0.993924 -0.687002 0.760400 36.243355
0.995342 -0.000010 0.096410 0.000069 1.000000 -0.000615 -0.096410 0.000618 0.995341 -0.670930 0.760400 37.094423
0.999039 -0.000007 0.043837 0.000033 1.000000 -0.000591 -0.043837 0.000592 0.999039 -0.654122 0.760400 37.984486
0.999365 -0.000018 0.035627 0.000044 1.000000 -0.000723 -0.035627 0.000724 0.999365 -0.641166 0.760400 39.179445
0.993960 0.000240 0.109746 -0.000176 1.000000 -0.000594 -0.109746 0.000571 0.993960 -0.627388 0.760400 40.450161
0.998998 0.000102 0.044765 -0.000075 1.000000 -0.000598 -0.044766 0.000594 0.998997 -0.612708 0.760400 41.804073
0.999126 0.000047 0.041806 -0.000024 1.000000 -0.000549 -0.041806 0.000547 0.999126 -0.597035 0.760400 43.249630
0.991391 0.000057 0.130941 0.000069 1.000000 -0.000960 -0.130941 0.000961 0.991390 -0.580263 0.760400 44.796464
0.996625 -0.000005 0.082085 0.000045 1.000000 -0.000487 -0.082085 0.000489 0.996625 -0.563746 0.760400 44.523196
0.994762 0.000078 0.102221 -0.000067 1.000000 -0.000110 -0.102221 0.000103 0.994762 -0.547462 0.760400 44.253783
0.998142 0.000003 0.060920 0.000066 0.999999 -0.001137 -0.060920 0.001139 0.998142 -0.531406 0.760400 43.988144
0.999433 0.000002 0.033666 0.000025 1.000000 -0.000828 -0.033666 0.000828 0.999432 -0.534928 0.760400 42.754873
0.994635 -0.000004 0.103450 0.000047 1.000000 -0.000415 -0.103450 0.000418 0.994635 -0.538244 0.760400 41.593466
0.998930 0.000011 0.046238 0.000028 1.000000 -0.000852 -0.046238 0.000852 0.998930 -0.513409 0.760400 39.021684
0.988769 0.000091 0.149455 -0.000018 1.000000 -0.000490 -0.149455 0.000482 0.988769 -0.491626 0.760400 36.766042
0.996986 0.000066 0.077571 0.000002 1.000000 -0.000876 -0.077571 0.000874 0.996986 -0.472366 0.760400 34.771623
0.996814 0.000049 0.079763 0.000031 1.000000 -0.000998 -0.079763 0.000997 0.996813 -0.502526 0.760400 36.115833
0.985886 -0.000029 0.167420 0.000211 0.999999 -0.001068 -0.167419 0.001088 0.985885 -0.535210 0.760400 37.572533
0.990129 -0.000014 0.140160 0.000073 1.000000 -0.000415 -0.140160 0.000421 0.990129 -0.514966 0.760400 36.849523
0.989789 0.000090 0.142543 -0.000081 1.000000 -0.000068 -0.142543 0.000056 0.989789 -0.495519 0.760400 36.154991
0.993354 0.000070 0.115099 -0.000038 1.000000 -0.000287 -0.115099 0.000280 0.993354 -0.476823 0.760400 35.487285
0.999773 0.000087 0.021344 -0.000072 1.000000 -0.000727 -0.021344 0.000725 0.999772 -0.498370 0.760400 37.990401
0.994407 0.000113 0.105611 -0.000032 1.000000 -0.000765 -0.105611 0.000758 0.994407 -0.523399 0.760400 40.898013
0.996972 0.000027 0.077774 0.000018 1.000000 -0.000581 -0.077773 0.000581 0.996971 -0.495924 0.760400 40.800036
0.998305 0.000076 0.058190 -0.000022 1.000000 -0.000929 -0.058191 0.000927 0.998305 -0.468577 0.760400 40.702514
0.999001 0.000152 0.044688 -0.000130 1.000000 -0.000492 -0.044688 0.000486 0.999001 -0.441357 0.760400 40.605445
0.999439 -0.000006 0.033495 0.000059 0.999999 -0.001587 -0.033495 0.001588 0.999438 -0.414263 0.760400 40.508824
0.990324 0.000100 0.138772 0.000029 1.000000 -0.000927 -0.138772 0.000922 0.990324 -0.387293 0.760400 40.412651
0.994345 0.000173 0.106198 -0.000136 1.000000 -0.000360 -0.106198 0.000343 0.994345 -0.364871 0.760400 41.086558
0.985806 0.000003 0.167887 0.000069 1.000000 -0.000426 -0.167887 0.000432 0.985806 -0.341623 0.760400 41.785274
0.997718 0.000016 0.067532 0.000009 1.000000 -0.000368 -0.067532 0.000368 0.997717 -0.317503 0.760400 42.510193
0.985036 0.000090 0.172348 -0.000030 1.000000 -0.000354 -0.172348 0.000343 0.985036 -0.292461 0.760400 43.262816
0.997088 0.000067 0.076269 -0.000033 1.000000 -0.000446 -0.076269 0.000442 0.997088 -0.265318 0.760400 43.323555
0.995621 0.000014 0.093492 0.000057 1.000000 -0.000754 -0.093492 0.000756 0.995620 -0.238064 0.760400 43.384541
0.990336 -0.000002 0.138689 0.000119 1.000000 -0.000831 -0.138689 0.000840 0.990336 -0.202493 0.760400 39.474665
0.999248 -0.000013 0.038787 0.000056 0.999999 -0.001108 -0.038787 0.001110 0.999247 -0.173021 0.760400 36.235158
0.966930 0.000169 0.255044 0.000054 1.000000 -0.000870 -0.255044 0.000855 0.966929 -0.170653 0.760400 35.504539
0.999996 0.000021 0.002825 -0.000019 1.000000 -0.000935 -0.002825 0.000935 0.999995 -0.168382 0.760400 34.803588
0.998666 0.000140 0.051640 -0.000081 0.999999 -0.001141 -0.051640 0.001136 0.998665 -0.192682 0.760400 35.198008
0.997923 0.000444 0.064425 -0.000339 0.999999 -0.001638 -0.064426 0.001613 0.997921 -0.217648 0.760400 35.603242
0.997880 0.000084 0.065069 -0.000054 1.000000 -0.000467 -0.065069 0.000462 0.997880 -0.243307 0.760400 36.019740
0.999192 0.000026 0.040189 -0.000020 1.000000 -0.000132 -0.040189 0.000131 0.999192 -0.269689 0.760400 36.447979
0.993931 0.000027 0.110001 0.000043 1.000000 -0.000631 -0.110001 0.000632 0.993931 -0.296825 0.760400 36.888460
0.989461 -0.000016 0.144803 0.000136 1.000000 -0.000821 -0.144803 0.000832 0.989460 -0.326150 0.760400 39.923699
0.981630 0.000167 0.190793 -0.000040 1.000000 -0.000669 -0.190793 0.000649 0.981630 -0.361165 0.760400 43.547798
0.994573 0.000097 0.104045 0.000003 1.000000 -0.000962 -0.104045 0.000957 0.994572 -0.374542 0.760400 43.374042
0.997407 -0.000049 0.071958 0.000100 1.000000 -0.000700 -0.071958 0.000705 0.997407 -0.387848 0.760400 43.201208
0.993439 0.000018 0.114363 -0.000003 1.000000 -0.000129 -0.114363 0.000128 0.993439 -0.401083 0.760400 43.029287
0.989981 -0.000022 0.141202 0.000151 1.000000 -0.000905 -0.141202 0.000917 0.989980 -0.379007 0.760400 40.578282
0.997616 0.000092 0.069015 -0.000047 1.000000 -0.000654 -0.069015 0.000649 0.997616 -0.359376 0.760400 38.398824
1.000000 0.000001 -0.000621 -0.000002 0.999999 -0.001564 0.000621 0.001564 0.999999 -0.405382 0.760400 39.899940
0.999683 -0.000010 0.025183 0.000016 1.000000 -0.000244 -0.025183 0.000245 0.999683 -0.491820 0.760400 44.589995
0.998821 0.000065 0.048528 -0.000041 1.000000 -0.000504 -0.048528 0.000502 0.998821 -0.602876 0.760400 50.615773
0.999584 0.000082 0.028832 -0.000082 1.000000 -0.000008 -0.028832 0.000006 0.999584 -0.581397 0.760400 48.118255
0.992193 0.000006 0.124715 0.000013 1.000000 -0.000151 -0.124715 0.000151 0.992193 -0.561975 0.760400 45.859933
0.987288 -0.000012 0.158944 0.000085 1.000000 -0.000450 -0.158944 0.000458 0.987288 -0.506584 0.760400 44.500551
0.993213 0.000027 0.116302 0.000037 1.000000 -0.000554 -0.116302 0.000555 0.993213 -0.417313 0.760400 40.588198
0.996618 -0.000023 0.082168 0.000102 1.000000 -0.000962 -0.082168 0.000968 0.996618 -0.342927 0.760400 37.328160
0.998714 -0.000006 -0.050711 -0.000033 1.000000 -0.000770 0.050711 0.000771 0.998713 -0.340565 0.760400 38.248827
0.998369 0.000017 0.057096 0.000031 1.000000 -0.000838 -0.057096 0.000839 0.998369 -0.338074 0.760400 39.219416
0.999873 -0.000093 -0.015937 0.000078 1.000000 -0.000900 0.015937 0.000899 0.999873 -0.335445 0.760400 40.244100
0.997984 0.000013 0.063461 0.000023 1.000000 -0.000567 -0.063461 0.000567 0.997984 -0.313515 0.760400 38.780714
0.993445 0.000062 0.114311 0.000019 1.000000 -0.000713 -0.114311 0.000710 0.993444 -0.293184 0.760400 37.423937
0.992540 0.000029 0.121920 -0.000000 1.000000 -0.000235 -0.121920 0.000233 0.992540 -0.301002 0.760400 37.331301
0.991877 0.000135 0.127200 -0.000017 1.000000 -0.000929 -0.127201 0.000920 0.991877 -0.308786 0.760400 37.239073
0.998382 0.000084 0.056863 -0.000038 1.000000 -0.000796 -0.056863 0.000792 0.998381 -0.316536 0.760400 37.147252
0.999980 -0.000231 0.006236 0.000241 0.999999 -0.001617 -0.006236 0.001618 0.999979 -0.314216 0.760400 36.798687
0.998271 -0.000002 0.058795 0.000026 1.000000 -0.000410 -0.058795 0.000411 0.998270 -0.360088 0.760400 39.800585
0.994439 0.000053 0.105317 -0.000044 1.000000 -0.000085 -0.105317 0.000080 0.994439 -0.456542 0.760400 45.171179
0.991722 0.000009 0.128405 0.000038 1.000000 -0.000363 -0.128405 0.000365 0.991722 -0.522978 0.760400 47.125495
0.997615 -0.000019 0.069021 0.000058 1.000000 -0.000569 -0.069021 0.000571 0.997615 -0.530228 0.760400 43.758663
0.994590 -0.000153 0.103886 0.000281 0.999999 -0.001212 -0.103886 0.001235 0.994589 -0.536473 0.760400 40.858317
0.999044 -0.000056 0.043722 0.000088 1.000000 -0.000730 -0.043722 0.000734 0.999044 -0.541909 0.760400 38.333788
0.992668 -0.000025 0.120865 0.000121 1.000000 -0.000791 -0.120865 0.000800 0.992668 -0.583154 0.760400 38.493497
0.994951 -0.000153 0.100362 0.000335 0.999998 -0.001802 -0.100361 0.001826 0.994949 -0.662015 0.760400 40.790273
0.993590 0.000235 0.113045 -0.000082 0.999999 -0.001353 -0.113045 0.001335 0.993589 -0.751449 0.760400 43.395001
0.994172 0.000095 0.107798 -0.000053 1.000000 -0.000394 -0.107798 0.000386 0.994172 -0.788614 0.760400 42.669383
0.997880 0.000079 0.065079 -0.000036 1.000000 -0.000676 -0.065079 0.000672 0.997880 -0.824504 0.760400 41.968661
0.994104 0.000008 0.108432 0.000071 1.000000 -0.000725 -0.108432 0.000728 0.994103 -0.803806 0.760400 39.447501
0.999897 -0.000090 0.014322 0.000103 1.000000 -0.000932 -0.014322 0.000934 0.999897 -0.785554 0.760400 37.224381
0.996548 -0.000005 0.083018 0.000077 1.000000 -0.000868 -0.083018 0.000871 0.996548 -0.707188 0.760400 33.040724
0.990775 0.000003 0.135514 0.000162 0.999999 -0.001208 -0.135514 0.001219 0.990774 -0.669260 0.760400 31.837043
0.984003 0.000125 0.178151 0.000012 1.000000 -0.000763 -0.178151 0.000753 0.984003 -0.634149 0.760400 30.722767
0.999792 -0.000087 -0.020360 0.000068 1.000000 -0.000908 0.020360 0.000907 0.999792 -0.665136 0.760400 32.808636
0.992225 0.000018 0.124459 0.000080 1.000000 -0.000788 -0.124459 0.000792 0.992225 -0.700970 0.760400 35.220655
0.999567 0.000001 -0.029401 -0.000021 1.000000 -0.000687 0.029401 0.000687 0.999567 -0.742881 0.760400 38.041806
0.994274 0.000053 0.106862 -0.000013 1.000000 -0.000380 -0.106862 0.000377 0.994274 -0.685496 0.760400 37.411574
0.998645 0.000041 0.052035 -0.000019 1.000000 -0.000429 -0.052035 0.000427 0.998645 -0.630070 0.760400 36.802852
0.990696 0.000012 0.136092 0.000033 1.000000 -0.000329 -0.136092 0.000330 0.990696 -0.578485 0.760400 37.313708
0.999345 -0.000045 0.036171 0.000065 1.000000 -0.000553 -0.036171 0.000555 0.999345 -0.525339 0.760400 37.840015
0.997361 -0.000061 -0.072603 -0.000001 1.000000 -0.000847 0.072603 0.000845 0.997361 -0.513843 0.760400 39.877676
0.995146 0.000069 0.098415 0.000005 1.000000 -0.000751 -0.098415 0.000748 0.995145 -0.500958 0.760400 42.161665
0.998819 0.000116 0.048581 -0.000102 1.000000 -0.000304 -0.048581 0.000298 0.998819 -0.486414 0.760400 44.739525
0.999749 0.000007 -0.022402 -0.000045 0.999998 -0.001737 0.022402 0.001738 0.999748 -0.390077 0.760400 40.719931
0.995603 0.000034 0.093672 0.000043 1.000000 -0.000813 -0.093672 0.000813 0.995602 -0.310193 0.760400 37.386843
0.999956 0.000133 0.009461 -0.000128 1.000000 -0.000508 -0.009461 0.000507 0.999955 -0.239615 0.760400 37.057069
0.999392 0.000090 0.034869 -0.000062 1.000000 -0.000798 -0.034869 0.000796 0.999391 -0.193460 0.760400 41.879739
0.995108 0.000097 0.098794 -0.000072 1.000000 -0.000260 -0.098794 0.000252 0.995108 -0.132548 0.760400 48.244344
