0.998320 -0.000132 -0.057931 0.000103 1.000000 -0.000499 0.057931 0.000493 0.998320 -1.511575 1.129021 32.984397
0.999012 -0.000011 0.044431 0.000019 1.000000 -0.000183 -0.044431 0.000184 0.999012 -1.052489 1.393314 33.395953
0.992758 0.000275 0.120132 -0.000260 1.000000 -0.000144 -0.120132 0.000111 0.992758 -1.328019 4.879747 34.149683
0.997790 -0.000177 -0.066443 0.000120 1.000000 -0.000866 0.066443 0.000856 0.997790 -1.893330 1.066145 34.272097
0.995783 -0.000034 0.091740 0.000086 1.000000 -0.000566 -0.091740 0.000571 0.995783 -1.143551 1.329771 34.804514
0.996878 0.000096 0.078951 -0.000071 1.000000 -0.000321 -0.078951 0.000315 0.996878 -0.784926 1.377004 34.994325
0.997568 0.000158 0.069696 -0.000141 1.000000 -0.000257 -0.069696 0.000246 0.997568 -1.319699 1.313611 34.337217
0.985863 0.000650 0.167551 -0.000393 0.999999 -0.001565 -0.167552 0.001477 0.985862 -0.765401 1.568058 33.605544
0.993268 0.000284 0.115841 -0.000176 1.000000 -0.000943 -0.115841 0.000916 0.993267 -1.032237 1.159201 32.913125
0.997392 -0.000089 -0.072186 0.000010 0.999999 -0.001097 0.072186 0.001094 0.997391 -1.640151 1.353790 33.587842
0.998177 0.000391 0.060356 -0.000334 0.999999 -0.000958 -0.060356 0.000936 0.998177 -0.685151 1.228297 34.741950
0.999904 0.000058 0.013841 -0.000043 0.999999 -0.001031 -0.013841 0.001030 0.999904 -0.481010 1.343580 35.796000
0.998290 0.000189 0.058458 -0.000160 1.000000 -0.000500 -0.058458 0.000490 0.998290 -0.452530 1.205356 36.877500
0.999518 0.000280 -0.031038 -0.000299 1.000000 -0.000589 0.031038 0.000598 0.999518 -0.974690 1.292825 37.948844
0.996529 0.000346 0.083252 -0.000313 1.000000 -0.000415 -0.083252 0.000388 0.996529 -0.556608 1.228108 37.385547
0.973422 0.000565 0.229017 -0.000260 0.999999 -0.001361 -0.229018 0.001265 0.973421 -0.075690 1.217744 36.620478
0.991182 0.000451 0.132505 -0.000257 0.999999 -0.001482 -0.132506 0.001435 0.991181 -0.308073 1.224104 36.120431
0.999839 -0.000021 0.017959 0.000026 1.000000 -0.000313 -0.017959 0.000313 0.999839 -0.219358 1.397627 38.984194
0.998581 0.000051 0.053245 -0.000023 1.000000 -0.000536 -0.053245 0.000534 0.998581 -0.023031 1.030401 42.118853
0.995101 0.000120 0.098855 -0.000075 1.000000 -0.000462 -0.098855 0.000452 0.995101 -0.394520 1.148920 45.406600
0.997546 -0.000054 0.070021 0.000099 1.000000 -0.000640 -0.070021 0.000645 0.997545 -0.350817 0.676654 44.353058
0.994752 0.000283 0.102317 -0.000229 1.000000 -0.000534 -0.102317 0.000507 0.994752 -0.659587 1.131584 40.872681
0.985182 0.000220 0.171514 0.000168 0.999997 -0.002248 -0.171514 0.002243 0.985179 -0.791041 1.371117 38.122856
0.999980 -0.000065 0.006315 0.000070 1.000000 -0.000836 -0.006315 0.000836 0.999980 -0.197517 1.018091 38.092325
0.994301 0.000325 0.106615 -0.000215 0.999999 -0.001050 -0.106615 0.001021 0.994300 -0.258442 1.371778 39.445886
0.996071 0.000037 0.088559 0.000046 1.000000 -0.000934 -0.088559 0.000934 0.996070 -1.111386 0.949032 40.846339
0.993439 0.000015 0.114359 0.000097 1.000000 -0.000974 -0.114359 0.000978 0.993439 -0.261276 0.993810 40.851478
0.999508 0.000181 0.031370 -0.000163 1.000000 -0.000563 -0.031370 0.000557 0.999508 -0.799279 1.383218 40.712494
0.999315 0.000272 0.037013 -0.000243 1.000000 -0.000767 -0.037013 0.000757 0.999315 -0.682796 1.178192 40.804283
0.991337 -0.000036 0.131342 0.000088 1.000000 -0.000387 -0.131342 0.000395 0.991337 -0.297163 1.493655 41.040769
0.998757 0.000252 0.049849 -0.000236 1.000000 -0.000336 -0.049849 0.000324 0.998757 -0.816577 1.145869 41.550486
0.997973 0.000048 0.063631 -0.000050 1.000000 0.000034 -0.063631 -0.000037 0.997973 -0.340497 1.450042 44.714547
0.996605 0.000009 0.082340 -0.000006 1.000000 -0.000036 -0.082340 0.000036 0.996605 -0.895063 1.183788 48.550103
0.999415 0.000050 0.034202 -0.000054 1.000000 0.000114 -0.034202 -0.000115 0.999415 -0.617088 0.944790 44.666231
0.988812 0.000164 0.149169 -0.000008 0.999999 -0.001047 -0.149169 0.001034 0.988811 -0.970229 0.890151 52.543914
0.991478 -0.000021 0.130271 0.000067 1.000000 -0.000347 -0.130271 0.000352 0.991478 -1.246654 0.840260 51.663133
0.983792 0.000158 0.179310 -0.000099 1.000000 -0.000343 -0.179310 0.000320 0.983792 -1.809181 1.064863 51.015411
0.996711 -0.000050 0.081040 0.000088 1.000000 -0.000461 -0.081040 0.000467 0.996711 -1.584068 0.911829 47.639086
0.999995 -0.000019 -0.003135 0.000019 1.000000 -0.000261 0.003135 0.000261 0.999995 -2.461355 0.957671 45.399872
0.992208 0.000279 0.124594 -0.000215 1.000000 -0.000523 -0.124594 0.000492 0.992208 -1.356625 1.237091 44.637289
0.971724 0.000140 0.236121 0.000019 1.000000 -0.000672 -0.236121 0.000658 0.971723 -1.431691 0.980540 43.877739
0.997988 -0.000006 0.063399 0.000053 1.000000 -0.000739 -0.063399 0.000741 0.997988 -1.025451 1.205697 43.118542
0.995992 0.000021 0.089437 0.000081 0.999999 -0.001141 -0.089437 0.001144 0.995991 -1.447066 0.994327 42.516786
0.994613 0.000061 0.103663 0.000028 1.000000 -0.000858 -0.103663 0.000856 0.994612 -1.168223 1.018728 41.746056
0.990419 -0.000023 0.138098 0.000152 1.000000 -0.000926 -0.138098 0.000938 0.990419 -1.004660 1.108366 41.155467
0.989015 0.000001 0.147817 0.000142 1.000000 -0.000952 -0.147817 0.000963 0.989014 -0.786822 1.092833 40.565775
0.999997 0.000231 0.002274 -0.000228 0.999999 -0.001498 -0.002274 0.001498 0.999996 -1.553217 1.351294 41.349817
0.995061 0.000018 0.099263 0.000085 0.999999 -0.001025 -0.099263 0.001029 0.995061 -1.153825 0.847081 42.278469
0.998824 -0.000001 0.048493 0.000032 1.000000 -0.000645 -0.048493 0.000646 0.998824 -1.048343 1.178825 43.084611
0.991508 0.000086 0.130048 -0.000025 1.000000 -0.000471 -0.130048 0.000464 0.991508 -1.373172 1.228614 43.853608
0.984645 0.000157 0.174566 -0.000155 1.000000 -0.000023 -0.174566 -0.000005 0.984645 -1.131885 1.718656 44.716803
0.993924 0.000076 0.110069 -0.000026 1.000000 -0.000454 -0.110069 0.000448 0.993924 -1.506282 1.109024 45.480442
0.995342 -0.000010 0.096410 0.000069 1.000000 -0.000615 -0.096410 0.000618 0.995341 -0.740510 1.143963 46.234439
0.999039 -0.000007 0.043837 0.000033 1.000000 -0.000591 -0.043837 0.000592 0.999039 -0.816309 0.925958 47.242308
0.999365 -0.000018 0.035627 0.000044 1.000000 -0.000723 -0.035627 0.000724 0.999365 -0.894716 0.972221 48.387950
0.993960 0.000240 0.109746 -0.000176 1.000000 -0.000594 -0.109746 0.000571 0.993960 -1.255231 1.116972 49.729167
0.998998 0.000102 0.044765 -0.000075 1.000000 -0.000598 -0.044766 0.000594 0.998997 -1.083960 0.824825 51.096492
0.999126 0.000047 0.041806 -0.000024 1.000000 -0.000549 -0.041806 0.000547 0.999126 -1.483108 0.778631 52.190453
0.991391 0.000057 0.130941 0.000069 1.000000 -0.000960 -0.130941 0.000961 0.991390 -0.842699 0.960217 54.002872
0.996625 -0.000005 0.082085 0.000045 1.000000 -0.000487 -0.082085 0.000489 0.996625 -0.590339 0.841690 53.748636
0.994762 0.000078 0.102221 -0.000067 1.000000 -0.000110 -0.102221 0.000103 0.994762 -0.683373 0.966363 53.494144
0.998142 0.000003 0.060920 0.000066 0.999999 -0.001137 -0.060920 0.001139 0.998142 -0.926940 0.709064 53.203650
0.999433 0.000002 0.033666 0.000025 1.000000 -0.000828 -0.033666 0.000828 0.999432 -0.916794 0.668096 51.923197
0.994635 -0.000004 0.103450 0.000047 1.000000 -0.000415 -0.103450 0.000418 0.994635 -0.644689 0.861889 50.880550
0.998930 0.000011 0.046238 0.000028 1.000000 -0.000852 -0.046238 0.000852 0.998930 -0.972654 1.158316 48.089842
0.988769 0.000091 0.149455 -0.000018 1.000000 -0.000490 -0.149455 0.000482 0.988769 -0.455919 1.269718 45.927261
0.996986 0.000066 0.077571 0.000002 1.000000 -0.000876 -0.077571 0.000874 0.996986 -1.499190 0.832500 43.976333
0.996814 0.000049 0.079763 0.000031 1.000000 -0.000998 -0.079763 0.000997 0.996813 -1.137607 0.970677 45.325822
0.985886 -0.000029 0.167420 0.000211 0.999999 -0.001068 -0.167419 0.001088 0.985885 -0.786132 0.829921 46.837394
0.990129 -0.000014 0.140160 0.000073 1.000000 -0.000415 -0.140160 0.000421 0.990129 -0.424582 1.332356 46.014425
0.989789 0.000090 0.142543 -0.000081 1.000000 -0.000068 -0.142543 0.000056 0.989789 -0.787723 1.774681 45.346406
0.993354 0.000070 0.115099 -0.000038 1.000000 -0.000287 -0.115099 0.000280 0.993354 -0.960771 1.279095 44.614575
0.999773 0.000087 0.021344 -0.000072 1.000000 -0.000727 -0.021344 0.000725 0.999772 -1.033803 0.815592 47.238708
0.994407 0.000113 0.105611 -0.000032 1.000000 -0.000765 -0.105611 0.000758 0.994407 -0.834169 0.859422 50.173392
0.996972 0.000027 0.077774 0.000018 1.000000 -0.000581 -0.077773 0.000581 0.996971 -0.594389 1.074971 49.971781
0.998305 0.000076 0.058190 -0.000022 1.000000 -0.000929 -0.058191 0.000927 0.998305 -0.563156 0.801102 49.947956
0.999001 0.000152 0.044688 -0.000130 1.000000 -0.000492 -0.044688 0.000486 0.999001 -0.376423 1.101961 49.878478
0.999439 -0.000006 0.033495 0.000059 0.999999 -0.001587 -0.033495 0.001588 0.999438 -0.887802 0.972997 49.726322
0.990324 0.000100 0.138772 0.000029 1.000000 -0.000927 -0.138772 0.000922 0.990324 -0.447017 1.216927 49.649694
0.994345 0.000173 0.106198 -0.000136 1.000000 -0.000360 -0.106198 0.000343 0.994345 -0.634664 0.962663 50.252858
0.985806 0.000003 0.167887 0.000069 1.000000 -0.000426 -0.167887 0.000432 0.985806 -0.171417 1.037625 50.980667
0.997718 0.000016 0.067532 0.000009 1.000000 -0.000368 -0.067532 0.000368 0.997717 -0.143739 1.037531 51.780397
0.985036 0.000090 0.172348 -0.000030 1.000000 -0.000354 -0.172348 0.000343 0.985036 -0.639973 0.834191 52.490150
0.997088 0.000067 0.076269 -0.000033 1.000000 -0.000446 -0.076269 0.000442 0.997088 -0.279046 0.815287 52.565881
0.995621 0.000014 0.093492 0.000057 1.000000 -0.000754 -0.093492 0.000756 0.995620 -1.313830 0.638866 52.654519
0.990336 -0.000002 0.138689 0.000119 1.000000 -0.000831 -0.138689 0.000840 0.990336 -1.098524 0.832033 48.697167
0.999248 -0.000013 0.038787 0.000056 0.999999 -0.001108 -0.038787 0.001110 0.999247 -0.593919 0.890755 45.458842
0.966930 0.000169 0.255044 0.000054 1.000000 -0.000870 -0.255044 0.000855 0.966929 -0.523524 0.973327 44.642083
0.999996 0.000021 0.002825 -0.000019 1.000000 -0.000935 -0.002825 0.000935 0.999995 -0.891160 1.091764 43.870525
0.998666 0.000140 0.051640 -0.000081 0.999999 -0.001141 -0.051640 0.001136 0.998665 -0.298134 1.051921 44.445453
0.997923 0.000444 0.064425 -0.000339 0.999999 -0.001638 -0.064426 0.001613 0.997921 -0.208118 1.427866 44.785161
0.997880 0.000084 0.065069 -0.000054 1.000000 -0.000467 -0.065069 0.000462 0.997880 0.046403 1.383418 45.263603
0.999192 0.000026 0.040189 -0.000020 1.000000 -0.000132 -0.040189 0.000131 0.999192 -0.365080 1.358178 45.734622
0.993931 0.000027 0.110001 0.000043 1.000000 -0.000631 -0.110001 0.000632 0.993931 -0.074621 1.265614 46.110314
0.989461 -0.000016 0.144803 0.000136 1.000000 -0.000821 -0.144803 0.000832 0.989460 -0.426871 1.275382 49.126867
0.981630 0.000167 0.190793 -0.000040 1.000000 -0.000669 -0.190793 0.000649 0.981630 -0.587357 0.590649 52.744842
0.994573 0.000097 0.104045 0.000003 1.000000 -0.000962 -0.104045 0.000957 0.994572 -0.349290 0.852181 52.613814
0.997407 -0.000049 0.071958 0.000100 1.000000 -0.000700 -0.071958 0.000705 0.997407 -0.601715 1.179494 52.250375
0.993439 0.000018 0.114363 -0.000003 1.000000 -0.000129 -0.114363 0.000128 0.993439 -0.449636 1.053069 52.306897
0.989981 -0.000022 0.141202 0.000151 1.000000 -0.000905 -0.141202 0.000917 0.989980 -0.925281 0.864367 49.663419
0.997616 0.000092 0.069015 -0.000047 1.000000 -0.000654 -0.069015 0.000649 0.997616 -0.361777 0.816471 47.647008
1.000000 0.000001 -0.000621 -0.000002 0.999999 -0.001564 0.000621 0.001564 0.999999 -0.896767 1.243948 48.923844
0.999683 -0.000010 0.025183 0.000016 1.000000 -0.000244 -0.025183 0.000245 0.999683 -0.245192 0.834807 53.840750
0.998821 0.000065 0.048528 -0.000041 1.000000 -0.000504 -0.048528 0.000502 0.998821 -0.901547 0.484488 59.780458
0.999584 0.000082 0.028832 -0.000082 1.000000 -0.000008 -0.028832 0.000006 0.999584 -0.587353 0.903865 56.776950
0.992193 0.000006 0.124715 0.000013 1.000000 -0.000151 -0.124715 0.000151 0.992193 -0.740244 0.921430 54.986469
0.987288 -0.000012 0.158944 0.000085 1.000000 -0.000450 -0.158944 0.000458 0.987288 -0.294449 1.006410 53.676047
0.993213 0.000027 0.116302 0.000037 1.000000 -0.000554 -0.116302 0.000555 0.993213 -0.652646 1.076527 49.732567
0.996618 -0.000023 0.082168 0.000102 1.000000 -0.000962 -0.082168 0.000968 0.996618 -0.886017 1.000884 46.272764
0.998714 -0.000006 -0.050711 -0.000033 1.000000 -0.000770 0.050711 0.000771 0.998713 -1.460357 0.921790 47.168292
0.998369 0.000017 0.057096 0.000031 1.000000 -0.000838 -0.057096 0.000839 0.998369 -0.709679 0.913704 48.428067
0.999873 -0.000093 -0.015937 0.000078 1.000000 -0.000900 0.015937 0.000899 0.999873 -1.166828 0.695528 49.454669
0.997984 0.000013 0.063461 0.000023 1.000000 -0.000567 -0.063461 0.000567 0.997984 -0.033205 1.129807 48.016600
0.993445 0.000062 0.114311 0.000019 1.000000 -0.000713 -0.114311 0.000710 0.993444 -0.706865 1.033701 46.646189
0.992540 0.000029 0.121920 -0.000000 1.000000 -0.000235 -0.121920 0.000233 0.992540 -0.359500 1.338973 46.523858
0.991877 0.000135 0.127200 -0.000017 1.000000 -0.000929 -0.127201 0.000920 0.991877 -0.136088 0.928335 46.447664
0.998382 0.000084 0.056863 -0.000038 1.000000 -0.000796 -0.056863 0.000792 0.998381 -0.801546 0.967267 46.329264
0.999980 -0.000231 0.006236 0.000241 0.999999 -0.001617 -0.006236 0.001618 0.999979 -1.217276 1.024784 45.742208
0.998271 -0.000002 0.058795 0.000026 1.000000 -0.000410 -0.058795 0.000411 0.998270 -0.356326 1.106023 49.080467
0.994439 0.000053 0.105317 -0.000044 1.000000 -0.000085 -0.105317 0.000080 0.994439 -1.342976 1.795814 54.377728
0.991722 0.000009 0.128405 0.000038 1.000000 -0.000363 -0.128405 0.000365 0.991722 -1.987529 0.803285 56.420994
0.997615 -0.000019 0.069021 0.000058 1.000000 -0.000569 -0.069021 0.000571 0.997615 -1.891112 0.755608 53.032000
0.994590 -0.000153 0.103886 0.000281 0.999999 -0.001212 -0.103886 0.001235 0.994589 -0.873996 1.117789 49.844219
0.999044 -0.000056 0.043722 0.000088 1.000000 -0.000730 -0.043722 0.000734 0.999044 -0.766676 0.957831 47.466211
0.992668 -0.000025 0.120865 0.000121 1.000000 -0.000791 -0.120865 0.000800 0.992668 -0.567818 1.107418 47.739703
0.994951 -0.000153 0.100362 0.000335 0.999998 -0.001802 -0.100361 0.001826 0.994949 -1.369204 0.693063 49.785081
0.993590 0.000235 0.113045 -0.000082 0.999999 -0.001353 -0.113045 0.001335 0.993589 -1.367048 1.178260 52.690161
0.994172 0.000095 0.107798 -0.000053 1.000000 -0.000394 -0.107798 0.000386 0.994172 -1.066440 1.159184 51.938817
0.997880 0.000079 0.065079 -0.000036 1.000000 -0.000676 -0.065079 0.000672 0.997880 -1.287810 1.212455 50.967772
0.994104 0.000008 0.108432 0.000071 1.000000 -0.000725 -0.108432 0.000728 0.994103 -1.192145 0.790082 48.722286
0.999897 -0.000090 0.014322 0.000103 1.000000 -0.000932 -0.014322 0.000934 0.999897 -1.004421 0.941693 46.381658
0.996548 -0.000005 0.083018 0.000077 1.000000 -0.000868 -0.083018 0.000871 0.996548 -1.081315 1.077265 42.234631
0.990775 0.000003 0.135514 0.000162 0.999999 -0.001208 -0.135514 0.001219 0.990774 -1.133750 1.174631 41.103978
0.984003 0.000125 0.178151 0.000012 1.000000 -0.000763 -0.178151 0.000753 0.984003 -1.092020 1.186919 39.877442
0.999792 -0.000087 -0.020360 0.000068 1.000000 -0.000908 0.020360 0.000907 0.999792 -1.115072 1.012185 41.913608
0.992225 0.000018 0.124459 0.000080 1.000000 -0.000788 -0.124459 0.000792 0.992225 -0.921082 0.992828 44.482011
0.999567 0.000001 -0.029401 -0.000021 1.000000 -0.000687 0.029401 0.000687 0.999567 -1.905778 0.982081 46.902711
0.994274 0.000053 0.106862 -0.000013 1.000000 -0.000380 -0.106862 0.000377 0.994274 -0.872615 1.024379 46.659478
0.998645 0.000041 0.052035 -0.000019 1.000000 -0.000429 -0.052035 0.000427 0.998645 -1.754397 1.156768 45.656011
0.990696 0.000012 0.136092 0.000033 1.000000 -0.000329 -0.136092 0.000330 0.990696 -1.277690 1.051814 46.517381
0.999345 -0.000045 0.036171 0.000065 1.000000 -0.000553 -0.036171 0.000555 0.999345 -1.874946 0.809839 47.051411
0.997361 -0.000061 -0.072603 -0.000001 1.000000 -0.000847 0.072603 0.000845 0.997361 -1.412851 0.756837 48.794664
0.995146 0.000069 0.098415 0.000005 1.000000 -0.000751 -0.098415 0.000748 0.995145 -0.440084 0.648439 51.433511
0.998819 0.000116 0.048581 -0.000102 1.000000 -0.000304 -0.048581 0.000298 0.998819 -1.186838 0.766250 54.017433
0.999749 0.000007 -0.022402 -0.000045 0.999998 -0.001737 0.022402 0.001738 0.999748 -0.474087 0.776768 49.956181
0.995603 0.000034 0.093672 0.000043 1.000000 -0.000813 -0.093672 0.000813 0.995602 -0.196777 0.934737 46.634097
0.999956 0.000133 0.009461 -0.000128 1.000000 -0.000508 -0.009461 0.000507 0.999955 -0.901668 1.066142 46.290325
0.999392 0.000090 0.034869 -0.000062 1.000000 -0.000798 -0.034869 0.000796 0.999391 -0.295251 0.800569 51.071589
0.995108 0.000097 0.098794 -0.000072 1.000000 -0.000260 -0.098794 0.000252 0.995108 -0.200933 0.832912 57.530156
