1.000001502461000058e+00 -1.870990299999986117e-04 -1.029756044000001503e-03 1.849118100000005094e-04 9.999924357840000999e-01 -1.786397460000001963e-03 1.031181379999997986e-03 1.786620669999999106e-03 9.999993193800000846e-01 -2.872667146288502768e-03 1.184547186347046678e-02 1.070193266650798281e+00 
9.999992199515324032e-01 -1.300265514886161152e-03 -2.012747071903944231e-03 1.296164963669930136e-03 9.999930166382653418e-01 -2.273968384086097472e-03 2.016051788010320232e-03 2.272409940614419661e-03 1.000003485416961935e+00 -5.878599691792810514e-03 1.749205564527714710e-02 1.471568917166043100e+00 
9.999966226779570810e-01 -1.679746855275562802e-03 -3.366877101847669945e-03 1.679198420894480528e-03 9.999995193548174566e-01 -3.621114997303274616e-04 3.363133564241846743e-03 3.580805964068466390e-04 1.000010739999625864e+00 -5.878599691792810514e-03 1.749205564527714710e-02 1.471568917166043100e+00 
9.999819589445188006e-01 -3.388678206679438757e-03 -4.460510980313058156e-03 3.396457545126720101e-03 9.999937514062703370e-01 1.749709980133952415e-03 4.443837309546234092e-03 -1.762608777323284009e-03 1.000006236086642408e+00 -2.826817369144064840e-03 1.967969696113210445e-02 1.726584849679935640e+00 
9.999752995791795218e-01 -2.325236119123297220e-03 -5.700967905770779054e-03 2.333164068154505028e-03 9.999976173680684699e-01 1.548069290699647304e-03 5.686892197099469373e-03 -1.559156321032151293e-03 1.000000487549979278e+00 -1.137202266092832495e-02 2.353495067996901405e-02 2.339329795408933599e+00 
9.999690821885663938e-01 -2.216840724185509606e-03 -6.654136264051379451e-03 2.209255263109886989e-03 9.999958777511636088e-01 -9.615919432731853938e-04 6.650686275541943700e-03 9.489525161084418764e-04 9.999943370249988472e-01 -3.490638009459664376e-02 4.200848910111273232e-02 3.939185292175663378e+00 
9.999541240351028648e-01 -2.733668295776857729e-04 -8.426347314623975140e-03 2.458641057705621656e-04 9.999890907776418647e-01 -3.184253229918064358e-03 8.420910685117851541e-03 3.185057927176504228e-03 9.999716445035495838e-01 -7.199162169309195058e-02 6.264503520387468272e-02 5.220651230814164379e+00 
9.999352610787921591e-01 1.651678588072269440e-03 -1.046717177310135978e-02 -1.697706166830342724e-03 9.999817193318323305e-01 -4.332354398193181619e-03 1.045241648461585349e-02 4.353737000693133803e-03 9.999501064299697317e-01 -8.634659014663204069e-02 7.063290562029712893e-02 6.232323690411885941e+00 
9.999131416465046884e-01 4.456964392018538182e-03 -1.238704359369471007e-02 -4.492053212556918439e-03 9.999758499286036662e-01 -2.746606764953357128e-03 1.237181303891455447e-02 2.806068473233128569e-03 9.999384278476717292e-01 -1.011545031168522846e-01 7.087984623173980425e-02 6.710091998056010532e+00 
9.998797028889544469e-01 5.994084812728625936e-03 -1.464691728000191116e-02 -6.002384752705680268e-03 9.999688089303639948e-01 -5.064500401819088844e-04 1.465468659039071558e-02 5.982724249617992103e-04 9.999159787629278151e-01 -1.089834457584374361e-01 7.121537290868296122e-02 7.086147197327449021e+00 
9.998330289565081630e-01 7.763753863436586959e-03 -1.712816244938639848e-02 -7.728132565797089272e-03 9.999556305189490901e-01 2.198279535675520466e-03 1.716658208001859906e-02 -2.061371594876070489e-03 9.998790570501918662e-01 -1.094779621758438515e-01 7.152264816803900749e-02 7.114727938971605603e+00 
9.997917945680262486e-01 7.382135790418887199e-03 -1.983607147203086951e-02 -7.311643090445928139e-03 9.999563748114561612e-01 3.716269956460145803e-03 1.989038674865965806e-02 -3.565566179598490641e-03 9.998269749841020015e-01 -1.192046350911921959e-01 7.923567258605444807e-02 7.617241868530093107e+00 
9.997439322980083976e-01 6.118006442103324054e-03 -2.257666710150945874e-02 -6.004561330388910947e-03 9.999605676016636302e-01 5.167528660723230693e-03 2.263704213827985243e-02 -5.024770552821074959e-03 9.997665436207820999e-01 -1.327862870640274806e-01 8.424670705889070188e-02 8.158851594203156310e+00 
9.996862774794957884e-01 4.372645085303434112e-03 -2.557978707484199685e-02 -4.241653079635616420e-03 9.999667604287342249e-01 5.261995584158991358e-03 2.563206626338620370e-02 -5.145891814191856824e-03 9.996961921411294805e-01 -1.615856003486321746e-01 8.519579606836359675e-02 9.111069165340865084e+00 
9.996165550867881500e-01 1.840803977546337511e-03 -2.867124109247408750e-02 -1.761795881726313951e-03 9.999830637175820547e-01 2.870361003603316089e-03 2.870815528811735198e-02 -2.813373734632045823e-03 9.996158533824183179e-01 -1.978821153468002803e-01 9.915555112874985255e-02 1.060258953886061306e+01 
9.995379741319869726e-01 -9.845697291715029345e-05 -3.129914743930446719e-02 1.263068561282955013e-04 9.999870705791351622e-01 9.871172830296412026e-04 3.133226680777519840e-02 -9.848233323446926868e-04 9.995406630449210628e-01 -2.602943880978133007e-01 1.103595345826212382e-01 1.208025132797581769e+01 
9.994512232673912200e-01 6.668159331210886083e-04 -3.382746121630401254e-02 -5.413009115108700225e-04 9.999715600837466578e-01 3.826004908136199090e-03 3.386910255436322709e-02 -3.799007635133980210e-03 9.994590861576559959e-01 -2.662080535378945623e-01 1.123223663791552140e-01 1.231025558577763235e+01 
9.993654989219180607e-01 -1.650236423864238217e-03 -3.617079203726537850e-02 2.035306231949831918e-03 9.999108877932807449e-01 1.072062426175371397e-02 3.620264533876375174e-02 -1.078132268137703409e-02 9.993319969707604722e-01 -2.662080535378945623e-01 1.123223663791552140e-01 1.231025558577763235e+01 
9.992985832635911114e-01 -1.329661265595766077e-03 -3.797277529452686151e-02 1.867955745509050029e-03 9.998645783206061566e-01 1.426609067398652841e-02 3.800989812751797564e-02 -1.432218120290332068e-02 9.992180715279880276e-01 -2.662080535378945623e-01 1.123223663791552140e-01 1.231025558577763235e+01 
9.992362771588119141e-01 -4.228623047139604650e-03 -3.941451708794820041e-02 4.749114418269050064e-03 9.998703881952496486e-01 1.325156657776336254e-02 3.941600445956840171e-02 -1.342507910466823363e-02 9.991745895869995620e-01 -3.125194546494612924e-01 1.205662975633186584e-01 1.387742903099308833e+01 
9.991941665746664203e-01 -4.662794558868935124e-03 -4.057269756021011919e-02 4.883778533172621582e-03 9.999450235242757223e-01 5.488386882887386076e-03 4.060491534507722905e-02 -5.678531410310806715e-03 9.992073613846029767e-01 -4.535968716226440600e-01 1.683843237745826782e-01 1.695303711990824524e+01 
9.991880874917500321e-01 -2.491788275151546501e-03 -4.106584386323991476e-02 2.494071472560567982e-03 9.999695520190958753e-01 1.554916956482375878e-04 4.111514534122628906e-02 -2.538171360394192444e-04 9.992008644775054460e-01 -5.394769958484532113e-01 1.871530413383420965e-01 1.883860525111407469e+01 
9.991933349761081828e-01 -1.636007640551200926e-03 -4.113199737402790934e-02 1.636489084642772911e-03 9.999737836406198399e-01 1.449542161292121105e-04 4.117649560359739475e-02 -2.075552452938057759e-04 9.991986669548253985e-01 -5.778801486504651086e-01 1.938306575206998061e-01 1.967356648043209333e+01 
9.992042741755419177e-01 -1.021092033901438651e-03 -4.106825010073601734e-02 1.114803939274193294e-03 9.999740340728578980e-01 2.443359742624569460e-03 4.110800126415166400e-02 -2.482581341870341261e-03 9.992049160022684617e-01 -5.944799050119701223e-01 1.988464641207391692e-01 2.027293957230322619e+01 
9.992540439217085790e-01 -3.936018398350896435e-04 -3.992493208107619762e-02 5.795337197015669201e-04 9.999684417827444660e-01 4.831286041458309616e-03 3.996493942210892908e-02 -4.847579995094743882e-03 9.992438612322620539e-01 -6.192955254198844184e-01 2.000262164646846863e-01 2.082578313498811795e+01 
9.992936911336375294e-01 -5.989017294200796662e-04 -3.894009890558081805e-02 7.827078685711150955e-04 9.999746286003707851e-01 4.866979180747233596e-03 3.898493604150080061e-02 -4.891732592013443674e-03 9.992825992465249607e-01 -6.192955254198844184e-01 2.000262164646846863e-01 2.082578313498811795e+01 
9.993104749727933500e-01 -1.151802898915062993e-03 -3.848873648487484422e-02 1.291300007997756320e-03 9.999761723524458468e-01 3.745978842199883252e-03 3.853305370784005507e-02 -3.790687471554320381e-03 9.993013599928953772e-01 -7.187557267726386590e-01 2.226642187472613887e-01 2.304154444702567872e+01 
9.993201691168328571e-01 -1.752841015437241971e-03 -3.806497616525066768e-02 1.928874464902140349e-03 9.999647665182279654e-01 4.760366357633612211e-03 3.809465111426466738e-02 -4.828007371849807501e-03 9.993091441258503682e-01 -7.311184995850160684e-01 2.256957208499333900e-01 2.339418830297651652e+01 
9.993510314840911013e-01 -2.495437749126706069e-03 -3.716293219549132720e-02 2.696211132975119638e-03 9.999602064645568555e-01 5.552109198389922930e-03 3.718109311737576028e-02 -5.646187502348594574e-03 9.993406924431361693e-01 -8.562649741900181244e-01 2.638040099563450647e-01 2.621173231469972720e+01 
9.993826734999606831e-01 -2.060606219617450510e-03 -3.628941008992364603e-02 2.267795161421917900e-03 9.999617768319930544e-01 5.873875859971805329e-03 3.631566115918838378e-02 -5.950824554951649262e-03 9.993691754697863194e-01 -8.944683759619251884e-01 2.719809390330650833e-01 2.707396514237994012e+01 
9.993993291929775813e-01 -4.331874044269724486e-03 -3.560470664545234420e-02 4.673634010703241540e-03 9.999213861543391202e-01 9.747943534686824563e-03 3.560337610964586785e-02 -9.907888523210370973e-03 9.993647040240737356e-01 -9.044468595484310702e-01 2.766979881023032828e-01 2.740699593944321677e+01 
9.994265495801488708e-01 -7.177390798027839629e-03 -3.454781479746503459e-02 7.718135431279868688e-03 9.998280439471424197e-01 1.578952567659232253e-02 3.447415685626967208e-02 -1.604682717850874907e-02 9.993334844138181960e-01 -9.086831116883687942e-01 2.784971731837428410e-01 2.751138320968128426e+01 
9.994219186036080727e-01 -1.040572955199609018e-02 -3.399752511461621995e-02 1.103853005249223751e-02 9.997449472073707266e-01 1.873978035056468247e-02 3.383595020799580466e-02 -1.910393946766308221e-02 9.993062838847386331e-01 -9.086831116883687942e-01 2.784971731837428410e-01 2.751138320968128426e+01 
9.993654740527098124e-01 -1.643924004607555042e-02 -3.328518271523057959e-02 1.705132666153228241e-02 9.996567384274946955e-01 1.849143863378875999e-02 3.300035535485040111e-02 -1.904663449015032983e-02 9.993396633658092609e-01 -9.440348984527121567e-01 3.122398057968621687e-01 2.876242819329350198e+01 
9.993365861967948849e-01 -1.810142800530715676e-02 -3.318314552589771843e-02 1.865104392370374800e-02 9.996576678657125292e-01 1.662512088287047829e-02 3.289321003822326395e-02 -1.723192365920818425e-02 9.993849228092781534e-01 -9.996582413321051241e-01 3.401414928670994375e-01 3.019159822392562731e+01 
9.992277651304086739e-01 -2.243513299639146585e-02 -3.361990880247986424e-02 2.287378640863885551e-02 9.996276086423167007e-01 1.300926474336592045e-02 3.333892451163031345e-02 -1.376718517945566510e-02 9.994325045385438200e-01 -1.080294535335093897e+00 4.314539642620437987e-01 3.364844253733943447e+01 
9.991915489590552646e-01 -2.189728320598516298e-02 -3.481177837707815498e-02 2.224389412134373384e-02 9.996812475387705232e-01 9.869677144687073397e-03 3.461419138960486475e-02 -1.063504939654839193e-02 9.994349998636432586e-01 -1.189982037052486286e+00 4.719162668108615177e-01 3.677065930369437297e+01 
9.992115625255928446e-01 -1.960983050459911073e-02 -3.563578375144826893e-02 1.979584377499331999e-02 9.997703959674518748e-01 5.107566412264076192e-03 3.556005639670856144e-02 -5.807299735378470933e-03 9.994433116126628658e-01 -1.248287054800744755e+00 4.968984990355684306e-01 3.816783398377242520e+01 
9.991927600272247911e-01 -1.821148230519877703e-02 -3.699754846053025098e-02 1.832320683829638877e-02 9.998062871060866552e-01 2.900692591864975720e-03 3.697008990514610155e-02 -3.574306068504925007e-03 9.994020567654980924e-01 -1.293176159909397605e+00 5.110176670390298437e-01 3.956338601131913890e+01 
9.991981167074378556e-01 -1.577874726317961274e-02 -3.783215444912935155e-02 1.590455782389339420e-02 9.998402587302991362e-01 3.228932473277427995e-03 3.780358407537097454e-02 -3.825528585106870855e-03 9.993727834096476359e-01 -1.341744075398572766e+00 5.222831645810191992e-01 4.073069731844361741e+01 
9.992006439748500890e-01 -1.294274279686158727e-02 -3.867611939545203409e-02 1.305956898029167652e-02 9.998753343747236455e-01 2.947641793684591116e-03 3.866011159856978102e-02 -3.447232155319934158e-03 9.993464791904289601e-01 -1.377154841012204756e+00 5.332796839058395744e-01 4.144575445829605087e+01 
9.991328913024319913e-01 -1.346375929415134787e-02 -4.012239977263164226e-02 1.353196175327939059e-02 9.998691683552490828e-01 1.589166250579381826e-03 4.011809318767781823e-02 -2.127341665277470741e-03 9.992980906899536775e-01 -1.446370216854273361e+00 5.493715748021363865e-01 4.299287713379744247e+01 
9.990195777423990231e-01 -1.537176725485598500e-02 -4.216193012273840995e-02 1.535170485244974001e-02 9.998462627684898685e-01 -6.534221056493324555e-04 4.218557208691649241e-02 9.781912760848613525e-06 9.992130686034017550e-01 -1.517299350455975748e+00 5.605973700054273090e-01 4.468620145084881301e+01 
9.989834845439163891e-01 -1.490266854337231328e-02 -4.318366466256174513e-02 1.475745624030435493e-02 9.998509190778486211e-01 -3.530738377209672631e-03 4.325256616306040469e-02 2.895286681340028187e-03 9.991576363311711617e-01 -1.577774957278553769e+00 5.701020074374449909e-01 4.606694528616602469e+01 
9.989140380646102102e-01 -1.458841856776726086e-02 -4.491519282771972571e-02 1.443660688571705465e-02 9.998603059655906122e-01 -3.556073529898601000e-03 4.498264700811272637e-02 2.909750929381401709e-03 9.990797289630852784e-01 -1.640116306810766478e+00 5.714861598970968348e-01 4.735430030940527502e+01 
9.988809582069356763e-01 -1.102724628428960324e-02 -4.667119454195768624e-02 1.094777244258233508e-02 9.999139488563615341e-01 -1.817992031693128636e-03 4.670898752560159045e-02 1.310871485940139818e-03 9.990028315143069104e-01 -1.680313396198826581e+00 5.734864874797803713e-01 4.815186801915665171e+01 
9.988073222982044586e-01 -8.329556149086194891e-03 -4.881375625489697834e-02 8.319424564143106104e-03 9.999367160119299047e-01 -2.713048379205619184e-04 4.883929633113228558e-02 -1.292699053649388335e-04 9.988953811215173229e-01 -1.711121045999913548e+00 5.827521832543346436e-01 4.879070296727305589e+01 
9.987475177039363272e-01 -6.189765225240203943e-03 -5.030905996266896163e-02 6.194977051058314643e-03 9.999498285936999631e-01 7.004030937197449052e-05 5.033352780118301173e-02 -3.749954480282924546e-04 9.988200067337205112e-01 -1.744486447781844918e+00 5.896463769366027119e-01 4.942718824090318464e+01 
9.986169526366045490e-01 -5.096355980481880044e-03 -5.291197624359544882e-02 5.157349017055595092e-03 9.999584437218558275e-01 1.102446083987025649e-03 5.292571146737700544e-02 -1.366809324410588316e-03 9.986899487180994628e-01 -1.776287589960342750e+00 5.883144859048766717e-01 5.005977532663762730e+01 
9.985099851745360411e-01 -5.897297566879528691e-03 -5.484537452010325442e-02 6.043244851316809281e-03 9.999542624062990326e-01 2.566035345423495727e-03 5.484916383497857872e-02 -2.886747436465743159e-03 9.985874826226154299e-01 -1.804224615049859981e+00 5.942459472197270109e-01 5.052307234713561712e+01 
9.984204657100546054e-01 -5.605985195626268618e-03 -5.643558644586154499e-02 5.865724254927465534e-03 9.999505305994269566e-01 4.516551799394643088e-03 5.643100944764933152e-02 -4.833647211704609516e-03 9.984959938415088887e-01 -1.810502027419150561e+00 5.948572084297004681e-01 5.062532900216852028e+01 
9.982590616399931172e-01 -6.315160209081337531e-03 -5.906085233754952007e-02 6.623687852174681145e-03 9.999410548241967067e-01 5.116643899080072257e-03 5.904741732568676710e-02 -5.492250529391508665e-03 9.983403668014747545e-01 -1.819643507528797777e+00 5.981066508893040368e-01 5.087014877790361567e+01 
9.981113158635812610e-01 -7.388423572464270297e-03 -6.130561957505461373e-02 7.733221826124609885e-03 9.999281581923622486e-01 5.476533354054053879e-03 6.127792817631558947e-02 -5.932493167847875844e-03 9.982071881883524123e-01 -1.921881862083471892e+00 6.183022196839621509e-01 5.320768185927339999e+01 
9.980113886373356280e-01 -8.159437696997616160e-03 -6.275057363222383278e-02 8.459850770122690974e-03 9.999244262540378791e-01 4.609769655321971707e-03 6.271860913277835237e-02 -5.121708525922369012e-03 9.981311946205099206e-01 -2.012434376094999866e+00 6.365731011469971667e-01 5.448562438726248303e+01 
9.978100762269986879e-01 -9.176960129265859800e-03 -6.564352282676558237e-02 9.590256121900394420e-03 9.999040646459534942e-01 6.063519714825310776e-03 6.558672048039269897e-02 -6.668801085616893158e-03 9.979415797168321722e-01 -2.045743995341518850e+00 6.373743690179698440e-01 5.518447809513851610e+01 
9.976433337671571921e-01 -9.786356216009968120e-03 -6.799119560884742119e-02 1.027313346374227228e-02 9.998926109987438249e-01 6.880742323720883021e-03 6.792036680894433798e-02 -7.551915726574040706e-03 9.977824502546924768e-01 -2.106168391724843492e+00 6.580257868361871765e-01 5.613350289442860941e+01 
9.975059469332649975e-01 -1.077538705523477421e-02 -6.978032311681811595e-02 1.137491531404413204e-02 9.998689743975854860e-01 8.264700216365187743e-03 6.969143058299852311e-02 -9.027506697327002810e-03 9.976514809144402252e-01 -2.166256599260419691e+00 6.668384769369674059e-01 5.716641289106285484e+01 
9.974031145719391978e-01 -1.068741660474550534e-02 -7.122147620011769209e-02 1.144774700425287527e-02 9.998476936461736519e-01 1.034391149556807346e-02 7.111277709675929704e-02 -1.112315554801136634e-02 9.975253904749542544e-01 -2.247040422801938497e+00 6.746997529262872551e-01 5.829005276554815396e+01 
9.973039993409155146e-01 -1.190521279027183243e-02 -7.249844039778431670e-02 1.272229681023868096e-02 9.998330411047563482e-01 1.089221921140690053e-02 7.236142684147062187e-02 -1.177710024400600679e-02 9.974235943984586239e-01 -2.339689526198423408e+00 6.998248327391226598e-01 5.964052472419015061e+01 
9.971989267145046076e-01 -1.251700576937423218e-02 -7.391781093896629407e-02 1.332346257254055262e-02 9.998326909154667819e-01 1.050598850745669555e-02 7.377379461859241705e-02 -1.145401887015928474e-02 9.973253849880086008e-01 -2.459466183253754323e+00 7.231399186620705022e-01 6.115026111488809590e+01 
9.971301729634629574e-01 -1.396062420684013490e-02 -7.464537906452109461e-02 1.465125527053030320e-02 9.998248830936731224e-01 8.798699349535662670e-03 7.450867486549578311e-02 -9.860063491090325163e-03 9.972859681323619219e-01 -2.574734871169667816e+00 7.510685372775715019e-01 6.282324363520852728e+01 
9.970605267523499071e-01 -1.340643300946268122e-02 -7.564419344385242550e-02 1.394421402181159932e-02 9.998465079873615213e-01 6.675046918387645897e-03 7.554486860020499794e-02 -7.702803913147686192e-03 9.972241973618646282e-01 -2.675389432993554362e+00 7.695730454706116719e-01 6.427014418533624962e+01 
9.970147842064499555e-01 -1.299178247469941379e-02 -7.626341315430128220e-02 1.342859951194496672e-02 9.998645051228314262e-01 5.305950369152211653e-03 7.618575023439660976e-02 -6.306227321944545862e-03 9.971851432006166860e-01 -2.846273697537854641e+00 7.749892365540743677e-01 6.632597150528343377e+01 
9.969732709874500332e-01 -1.298349261172569886e-02 -7.676097642485571471e-02 1.335155359466574931e-02 9.998725699765290686e-01 4.367156027421560324e-03 7.669087444171934775e-02 -5.369952332665281491e-03 9.971539118565030391e-01 -2.951925856255398273e+00 7.857392856862721597e-01 6.769454648106706429e+01 
9.969130252027625927e-01 -1.178567255998904523e-02 -7.767800056889477556e-02 1.187899810134483182e-02 9.999047495562347621e-01 8.186851554411798786e-04 7.765975193717895853e-02 -1.729471822096355620e-03 9.970933148726972561e-01 -2.951925856255398273e+00 7.857392856862721597e-01 6.769454648106706429e+01 
9.969102896631631960e-01 -1.082797578832940706e-02 -7.787843116524870157e-02 1.076034141709132294e-02 9.999186173436989122e-01 -1.200531604595523293e-03 7.788812667370229037e-02 3.681117870006792112e-04 9.970730074678673116e-01 -3.063672023756967011e+00 7.860663659755606769e-01 6.921365225224688800e+01 
9.968516061977675813e-01 -9.138495603164873901e-03 -7.890027965943277599e-02 9.185016520746200341e-03 9.999335474751847030e-01 3.274313574492242890e-04 7.889210817182983060e-02 -1.041308150428039720e-03 9.969890747729004410e-01 -3.129528170680837551e+00 7.811155340354283272e-01 7.005540856639430558e+01 
9.967902698767548975e-01 -9.076908087962713353e-03 -7.971599629556319622e-02 9.280554402542731673e-03 9.999366055043928947e-01 2.288260999178703611e-03 7.968800154263844249e-02 -3.010934857108889338e-03 9.969186480951508500e-01 -3.180003780457814955e+00 7.904602029665812601e-01 7.082456964402732069e+01 
9.966965059160926010e-01 -7.372150992012023799e-03 -8.105486934257313814e-02 7.570383398855453846e-03 9.999555274802570670e-01 2.234657820871753520e-03 8.103115321871237620e-02 -2.831358967125376276e-03 9.968117148220234647e-01 -3.257432250547820374e+00 7.977052262905027780e-01 7.180279964182801677e+01 
9.965910227263330423e-01 -8.153886195304584084e-03 -8.231120729045550422e-02 8.286976789926620360e-03 9.999540430584473727e-01 1.360046063545599726e-03 8.229154455220738518e-02 -2.028627413075996012e-03 9.967113098943773952e-01 -3.388489841373386380e+00 7.999264051698080635e-01 7.351865437480671517e+01 
9.964752603852331525e-01 -6.669886425152187631e-03 -8.387040486613936419e-02 6.805836123731884985e-03 9.999650538052077264e-01 1.407709005987280810e-03 8.385461953257802858e-02 -1.965634111700246232e-03 9.965746119314538021e-01 -3.510112059186313083e+00 7.947283960905288103e-01 7.485982533556217788e+01 
9.964045041512088474e-01 -5.525751665624977632e-03 -8.478769337432838504e-02 5.798774656847105816e-03 9.999672625241280421e-01 3.045180365157298258e-03 8.476616447879997684e-02 -3.518592241780576970e-03 9.964841563137859515e-01 -3.581026273385149228e+00 8.034179864717478914e-01 7.575783889893941137e+01 
9.963151367028355576e-01 -4.109936437088861430e-03 -8.592340079219933091e-02 4.723425502025748943e-03 9.999545105062352945e-01 7.010657752067158549e-03 8.589498528838412916e-02 -7.383205649912864300e-03 9.963599813537731276e-01 -3.640147870080009174e+00 8.065887553942748811e-01 7.635592376263254266e+01 
9.962609986211332647e-01 -4.246779128682739816e-03 -8.654399506393725683e-02 5.048698518873689575e-03 9.999353846065143214e-01 9.127669245984511986e-03 8.651157238245929526e-02 -9.521947504560968750e-03 9.962851597056548991e-01 -3.727992090502448175e+00 8.258114759081407463e-01 7.744963769563666744e+01 
9.961459644556511783e-01 -6.700616135481746866e-03 -8.767426871213265804e-02 7.329570744331424283e-03 9.999386240414838145e-01 6.935345787525254956e-03 8.764602916813081512e-02 -7.542747295750771783e-03 9.962018816441000624e-01 -3.866252486728143811e+00 8.402697018337674795e-01 7.905951075943752926e+01 
9.959771148050216016e-01 -8.761886260402126925e-03 -8.942134843842394765e-02 9.344144559053841823e-03 9.999290651819665587e-01 6.181461260126421345e-03 8.938944655747446677e-02 -6.985062387446491772e-03 9.960538275500564476e-01 -3.866252486728143811e+00 8.402697018337674795e-01 7.905951075943752926e+01 
9.957869906578875607e-01 -8.021681778666312976e-03 -9.160487250327191411e-02 8.648599630137341482e-03 9.999398308689629866e-01 6.532380824773077049e-03 9.157306838144177452e-02 -7.290759430644901638e-03 9.958524814208998821e-01 -3.983771771286343188e+00 8.619653748963784778e-01 8.034799000222896836e+01 
9.956100867187390735e-01 -9.637922234929107573e-03 -9.335228958782967879e-02 1.025369214545548795e-02 9.999325096691427106e-01 6.205993745001879558e-03 9.330806129378706182e-02 -7.129557511072741327e-03 9.956885518056914908e-01 -4.122641881734808500e+00 8.818257702757545946e-01 8.201720311603303060e+01 
9.954717395851645501e-01 -7.056520414506343465e-03 -9.504500586079019098e-02 7.669121936328847887e-03 9.999548303632941337e-01 6.170718185372782612e-03 9.501948203306495588e-02 -6.865435149954061782e-03 9.955291350633175274e-01 -4.199378955507435229e+00 8.923345514731223505e-01 8.279576183374042841e+01 
9.953616798394147036e-01 -6.240441115337009258e-03 -9.618023183393105413e-02 6.946667671456791329e-03 9.999461188047287230e-01 7.096152508583648821e-03 9.615637900774839930e-02 -7.725058598584199493e-03 9.954170486132446483e-01 -4.304570873940189557e+00 9.017263540862665572e-01 8.387716815929158543e+01 
9.952215540621788259e-01 -7.262963616097107243e-03 -9.752672843378255851e-02 8.077461142974582883e-03 9.999300848391439178e-01 8.051410206501770708e-03 9.748087957815251836e-02 -8.794625840405807804e-03 9.952781308956472062e-01 -4.427355045831223634e+00 9.117550383127246416e-01 8.512665731966332316e+01 
9.950544776985288387e-01 -8.392678332721600909e-03 -9.917199399916956648e-02 9.211878451879769447e-03 9.999223086845239195e-01 7.900513144490852943e-03 9.911048979915824952e-02 -8.769072548246820489e-03 9.951102061605646698e-01 -4.537693949263704951e+00 9.238957634964469756e-01 8.625543555225620196e+01 
9.948838496846724722e-01 -9.615521756803453376e-03 -1.008038331893473250e-01 1.054964677906115172e-02 9.998959931906843401e-01 8.834986765234838571e-03 1.007161057310672070e-01 -9.846481288010581340e-03 9.949385813485825958e-01 -4.631880685788562602e+00 9.309235647045959183e-01 8.713855882597515290e+01 
9.947766927888843647e-01 -1.177107241682043282e-02 -1.016505292819923911e-01 1.267246552471753065e-02 9.998715483753798372e-01 8.321135212339805798e-03 1.015474306553290351e-01 -9.558591985297980320e-03 9.948610781194918706e-01 -4.749804234254409785e+00 9.479375821206125208e-01 8.865159352026853412e+01 
9.946115476425052560e-01 -1.142977410915082051e-02 -1.032602238809071094e-01 1.188951184920160851e-02 9.999016946247968329e-01 3.927860002163883688e-03 1.032108568079657535e-01 -5.127099370670318637e-03 9.947246482445092353e-01 -4.997952889795024944e+00 9.822422317728091157e-01 9.103545537432906087e+01 
9.945127829996212032e-01 -1.092796122855673596e-02 -1.042590066348147992e-01 1.100455080735435187e-02 9.999155209417022183e-01 2.435975917044874012e-04 1.042490303823285364e-01 -1.382200893188442140e-03 9.946328474138567133e-01 -5.195081011155921580e+00 1.009780377202745161e+00 9.291654429120312386e+01 
9.945235660570347358e-01 -8.792238706501556006e-03 -1.044042965191239319e-01 8.747260877972975329e-03 9.999350537863017641e-01 -8.003464206338133276e-04 1.044058576196178895e-01 -1.093865056694825772e-04 9.946246167107724023e-01 -5.344722470080764509e+00 1.015858488699087347e+00 9.419355906050925853e+01 
9.944902191145521542e-01 -7.133024543749068302e-03 -1.048947562205026496e-01 7.128124808329422933e-03 9.999489479474309439e-01 -3.190864697976191562e-04 1.048954271550346928e-01 -4.224697731204763535e-04 9.945726715776167515e-01 -5.453967377625363433e+00 1.010437506855753176e+00 9.544285427900817353e+01 
9.944032541465864794e-01 -6.070810776110342928e-03 -1.057999524795611435e-01 6.023912548892951246e-03 9.999557800622286274e-01 -6.542703924629369137e-04 1.058050256815848550e-01 2.166840290537477712e-05 9.944716294802531387e-01 -5.605902655175770910e+00 1.020177616392436759e+00 9.685752004489964406e+01 
9.944013084402373304e-01 -4.488965931019352901e-03 -1.058820185249283452e-01 4.645187617606736860e-03 9.999636704407559584e-01 1.332388840291991693e-03 1.058722744658004838e-01 -1.808255349257912887e-03 9.944592183084679515e-01 -5.693926463430428520e+00 1.018478678589810782e+00 9.779193466518236733e+01 
9.943545836250669012e-01 -1.082725071760336482e-03 -1.063974252911381174e-01 1.215739118801675497e-03 9.999833423276968114e-01 1.274805819069690926e-03 1.063944806621430067e-01 -1.389367933475270682e-03 9.943955831806962076e-01 -5.855465841265653282e+00 1.028169894220295477e+00 9.919963573699683934e+01 
9.943470089850540150e-01 3.873925936508173812e-04 -1.064534268781022752e-01 -2.955498746597799188e-04 9.999880404210738094e-01 9.685542991177035306e-04 1.064512731168565651e-01 -9.241418927002100457e-04 9.943873356668179175e-01 -5.975512397856759250e+00 1.042180908863618027e+00 1.003543076052870759e+02 
9.942936238470899690e-01 2.197137169549497754e-03 -1.069475076812972658e-01 -1.791901572404319297e-03 9.999775590427215644e-01 3.986981224329671711e-03 1.069427979284349600e-01 -3.764989442066484383e-03 9.943306246007648230e-01 -6.074252296264351259e+00 1.040008849934151103e+00 1.011615068756490956e+02 
9.943187427276348744e-01 2.714967325781590494e-03 -1.067643925647243780e-01 -1.874351219590453038e-03 9.999482209312293701e-01 8.082126670239216798e-03 1.067687967145317107e-01 -7.827979767506487718e-03 9.943293340847749739e-01 -6.119242792989270541e+00 1.045060221684213975e+00 1.016615870670112827e+02 
9.943255466226409434e-01 2.064486316043433536e-03 -1.067588633508734369e-01 -8.807869145499198915e-04 9.999156048993848023e-01 1.124886340214168931e-02 1.067610683267847527e-01 -1.108216182217257317e-02 9.943008289824353252e-01 -6.230406448166225353e+00 1.051549986897963196e+00 1.026998514372661901e+02 
9.942385495873029555e-01 2.711584649624739808e-04 -1.075582755506689914e-01 9.460069041401440422e-04 9.999175447745169976e-01 1.138678880328542788e-02 1.075349833706991526e-01 -1.141382260982047245e-02 9.942151778658891992e-01 -6.366571371728674045e+00 1.069835702555221868e+00 1.041292614567885835e+02 
9.941416602659259860e-01 -2.828731876374315692e-03 -1.083568409660162213e-01 4.039704985271887379e-03 9.999208167287578775e-01 1.108094015038815945e-02 1.082920618707791799e-01 -1.144497031468458964e-02 9.941385821448337490e-01 -6.552446452726068848e+00 1.085946109008036675e+00 1.058476715589317934e+02 
9.941399122542934341e-01 -6.456428415961589992e-03 -1.082100271001763397e-01 7.541920851921540825e-03 9.999218585426135064e-01 9.751329557960748337e-03 1.081060809480856449e-01 -1.050188883596872916e-02 9.941762084023640922e-01 -6.711218755644257072e+00 1.099330089161143498e+00 1.074480724486655134e+02 
9.941101867523298719e-01 -9.650944041113006938e-03 -1.082729284604639491e-01 1.057111304671973055e-02 9.999123421335016637e-01 8.056728756334405675e-03 1.081552830642270036e-01 -9.145197236476353131e-03 9.941855723165724523e-01 -6.894784168504248356e+00 1.119672288376294400e+00 1.092478049105612712e+02 
9.938861599166216587e-01 -1.124000079297865148e-02 -1.101580860682414703e-01 1.185579966152938182e-02 9.999216711627229026e-01 5.066538379957608550e-03 1.100683223816203704e-01 -6.332529340378484015e-03 9.939906241127820508e-01 -7.117689585077388692e+00 1.148675871592557352e+00 1.114873924671176013e+02 
9.939231389051993437e-01 -1.214346857541643079e-02 -1.097344602082769988e-01 1.296897950201669411e-02 9.998959943229631664e-01 6.941368499017249241e-03 1.096192900602984688e-01 -8.313010454771750657e-03 9.940221383941884037e-01 -7.403924666743211702e+00 1.144494114180205191e+00 1.137199381574875474e+02 
9.938729228883897981e-01 -8.362571686345202093e-03 -1.105897652247250923e-01 9.779847050957576199e-03 9.998787605098621301e-01 1.239651785840213162e-02 1.104585468622469174e-01 -1.339278819258578682e-02 9.938778351101178465e-01 -7.459246666328977149e+00 1.153807653442026737e+00 1.143230703379195887e+02 
9.939540172145532315e-01 -7.230695880542021767e-03 -1.099908651018870615e-01 8.911885788558848026e-03 9.998546995829146189e-01 1.491693889872571475e-02 1.098573917177295828e-01 -1.579806428622038822e-02 9.939132690157488348e-01 -7.584331174598543335e+00 1.172224125125663541e+00 1.153921148475522358e+02 
9.939179096489366705e-01 -6.804453314101262598e-03 -1.103144674042221135e-01 8.257044514827959619e-03 9.998873713885683134e-01 1.283088667130171875e-02 1.102106477151832548e-01 -1.365516939536794497e-02 9.939091644483277754e-01 -7.784162639033258557e+00 1.201696038168291958e+00 1.171543799327018291e+02 
9.937551445914361015e-01 -1.192495342278432000e-02 -1.112654167493076357e-01 1.314927815456033711e-02 9.998681851484343408e-01 1.038366608407719459e-02 1.111230378016307280e-01 -1.177310953992416823e-02 9.938307206687814199e-01 -7.986441933061228404e+00 1.220508483854241710e+00 1.190246648694362079e+02 
9.936109207088116291e-01 -1.389663032462879096e-02 -1.123045195878121655e-01 1.511403283378714817e-02 9.998447945607874532e-01 1.010059741315505119e-02 1.121408468219796395e-01 -1.172478541803360745e-02 9.937139172732342152e-01 -8.151100116689628194e+00 1.248919362082633544e+00 1.205336824278442549e+02 
9.932216409239156274e-01 -1.586552007402878758e-02 -1.154862954348534754e-01 1.679546526133235407e-02 9.998374216379126711e-01 7.187458877107584347e-03 1.153533782511789590e-01 -9.069782868264495215e-03 9.933755933051582332e-01 -8.327753040908065785e+00 1.259524835283120980e+00 1.222917362946145232e+02 
9.930845147427371788e-01 -1.828497243461683908e-02 -1.163626697498601897e-01 1.884064859689454224e-02 9.998218210149578677e-01 3.776848315942388321e-03 1.162778188216122138e-01 -5.934482442215343809e-03 9.932950818780749147e-01 -8.535221702225840090e+00 1.272318871606457513e+00 1.240464077625835557e+02 
9.930369714454752028e-01 -1.379287576716927213e-02 -1.174400361786752389e-01 1.430323692620691714e-02 9.999055702891624930e-01 3.601309528816497123e-03 1.173816966908078768e-01 -5.247415289667547826e-03 9.931724368964630623e-01 -8.684932849323656612e+00 1.281158197342501914e+00 1.252421723458553515e+02 
9.928986553444173468e-01 -1.098931033136235982e-02 -1.189583007383479551e-01 1.163774064250142938e-02 9.999425174859054577e-01 4.859436459057762253e-03 1.188983451425655452e-01 -6.200482216323164458e-03 9.929911748891686596e-01 -8.816092624664985777e+00 1.289187489352923821e+00 1.264487324842469320e+02 
9.927526296133132311e-01 -7.971189723145127165e-03 -1.204127789211431598e-01 8.981634690023380940e-03 9.999582228076757673e-01 7.945496319152254780e-03 1.203465954934991727e-01 -8.961123596931158675e-03 9.928027063757490778e-01 -8.938166950783573483e+00 1.298788742182503952e+00 1.273901587842880190e+02 
9.926290089992015897e-01 -6.640217439344397142e-03 -1.214650233300680754e-01 7.634680398610168769e-03 9.999726025601791690e-01 7.803964284153411778e-03 1.214147477683905213e-01 -8.666095651365376962e-03 9.926777799341710562e-01 -9.116465145569536688e+00 1.317324430494028809e+00 1.288390376042677588e+02 
9.924757646192262639e-01 -5.568218721982558586e-03 -1.227327106216183766e-01 6.208685862311323286e-03 1.000001794431153224e+00 4.908935208764210467e-03 1.227055893010851051e-01 -5.625900921565517125e-03 9.925434137389774758e-01 -9.298499440645322522e+00 1.320559824269080140e+00 1.302278531246935813e+02 
9.924225588414333776e-01 -3.857536462742131890e-03 -1.231778985027698753e-01 4.359084915026918867e-03 1.000022751345400529e+00 3.868732278757620446e-03 1.231560715266562800e-01 -4.367433579556635748e-03 9.924956628520741342e-01 -9.482217966886326010e+00 1.336195303008954838e+00 1.316541823893188905e+02 
9.923063578279197605e-01 -2.423280958720216375e-03 -1.241188252824228649e-01 3.106098851431228318e-03 1.000023025552350564e+00 5.368406376255948319e-03 1.240927407379833064e-01 -5.702755916018280649e-03 9.923674964867412740e-01 -9.668680751596580691e+00 1.334144048986440900e+00 1.330802436675882063e+02 
9.922572249308528880e-01 -6.705205522567229612e-04 -1.245153790072464767e-01 1.317622707843533417e-03 1.000023702204419607e+00 5.171745503928553561e-03 1.245044060093258992e-01 -5.285682508146629689e-03 9.923149117638309091e-01 -9.830528363522740065e+00 1.344777374689654748e+00 1.345092642044085949e+02 
9.921451214488499204e-01 -1.220004364088181706e-03 -1.254118800292041702e-01 1.917033739283094439e-03 1.000018829527752562e+00 5.499382331424744995e-03 1.254043378239240170e-01 -5.686541154438572859e-03 9.921985379854135756e-01 -1.000857541804921880e+01 1.353080284792069765e+00 1.359363667164912783e+02 
9.920516528262784961e-01 -1.955301687974332885e-03 -1.261900006671166918e-01 3.195125838156550289e-03 9.999835389578495271e-01 9.691939704131945568e-03 1.261635097357523549e-01 -1.000852431257804112e-02 9.920697774741086272e-01 -1.016852146001761348e+01 1.362411539558228801e+00 1.373656025195429891e+02 
9.920278656802696826e-01 -1.852185218222896466e-03 -1.264294920496298602e-01 3.705898108207307268e-03 9.999198584316441041e-01 1.449598841035267330e-02 1.263851618346879535e-01 -1.484066279717746392e-02 9.919808578421019929e-01 -1.034682551652847238e+01 1.371633032492672433e+00 1.387926676904226895e+02 
9.920409908779893593e-01 -3.514505160117140266e-03 -1.263556135871780617e-01 5.550285446304447680e-03 9.998900055363489914e-01 1.583194363188155512e-02 1.262770356303613839e-01 -1.639901691404321155e-02 9.919706871817067784e-01 -1.052481406280690912e+01 1.410282348736302538e+00 1.402192789524679597e+02 
9.920409485132111183e-01 -3.651381292130758370e-03 -1.263446541130875678e-01 5.375156081173066390e-03 9.999283005025234594e-01 1.337985846855144906e-02 1.262802214819398194e-01 -1.394417642998762967e-02 9.920060540215216438e-01 -1.082854595212667803e+01 1.448157201601136590e+00 1.424994930910197866e+02 
9.920002521254122074e-01 -4.593722602987025498e-03 -1.266319305782683258e-01 5.816637739959247891e-03 9.999695529818568573e-01 9.362907214313750948e-03 1.265796021697867813e-01 -1.001676136422922740e-02 9.920069237012830721e-01 -1.119077420594786787e+01 1.498663366117055640e+00 1.455349722921940838e+02 
9.920226235118152491e-01 -5.284705971009317008e-03 -1.264614988087231495e-01 6.064949884809055919e-03 9.999964059033756847e-01 5.850370452994284147e-03 1.264185394076813296e-01 -6.562752326734473500e-03 9.920547371995073194e-01 -1.159286439104164046e+01 1.550482339701984902e+00 1.484479821098028367e+02 
9.920163659341945106e-01 -6.315993265297128664e-03 -1.264555234959055252e-01 7.196798094043515073e-03 9.999919979157796401e-01 6.561027059878227034e-03 1.264041386818165746e-01 -7.411067946710775227e-03 9.920531587311283150e-01 -1.172250710731506018e+01 1.560997915573595796e+00 1.495521499828613230e+02 
9.920242570678032834e-01 -6.332084555615062615e-03 -1.264033800799258811e-01 7.583192434757113007e-03 9.999695273423516717e-01 9.466260470432398544e-03 1.263407321526386073e-01 -1.034238004293731687e-02 9.920401982907582905e-01 -1.176482605563658623e+01 1.563859255229146816e+00 1.498785951841231281e+02 
9.919770367884387374e-01 -5.764964986009975083e-03 -1.268508194043410087e-01 7.200859042974335454e-03 9.999531075284990855e-01 1.091632881471816391e-02 1.267818228260956526e-01 -1.173499289097237365e-02 9.919741427719633853e-01 -1.185757653182840698e+01 1.574805445696739303e+00 1.505939680240902305e+02 
9.919510034207320581e-01 -7.255918528790135033e-03 -1.270453940062733211e-01 8.630045077551854946e-03 9.999419251787521334e-01 1.031958825004903463e-02 1.269612342780012393e-01 -1.132552798225487309e-02 9.919586195603926626e-01 -1.207118197282033734e+01 1.593838242795879268e+00 1.522914496193173477e+02 
9.919862059398258936e-01 -8.907735298777627597e-03 -1.266725223995754657e-01 1.023475564984507868e-02 9.999265344721197657e-01 9.876083364799339084e-03 1.265786534096373095e-01 -1.108569364562818869e-02 9.920124528908937922e-01 -1.227235243657204755e+01 1.623778266415958127e+00 1.539881736762862090e+02 
9.918913397079345273e-01 -1.038613256445384929e-02 -1.272493435290564801e-01 1.158064012249382553e-02 9.999218746404686664e-01 8.703681391411404594e-03 1.271537046617594036e-01 -1.009851200145724104e-02 9.919463312868973537e-01 -1.245513920264421159e+01 1.638438745434810828e+00 1.554518456518096912e+02 
9.918132341947951680e-01 -1.214929204028782767e-02 -1.276552585715234611e-01 1.297328820522180085e-02 9.999310232819229594e-01 5.683614003773535331e-03 1.275745853375976069e-01 -7.285450589644266312e-03 9.919109051983382441e-01 -1.272403621246595051e+01 1.648992490784743525e+00 1.576099078241259690e+02 
