1 -8.6736e-19 0 3.0358e-18 1 -8.6736e-19 -5.5511e-17 1.7347e-18 1 1.1642e-11 -7.276e-13 -3.4925e-11
0.99988 0.0004124 0.015729 -0.00033864 0.99999 -0.0046922 -0.015731 0.0046863 0.99987 0.00022704 -0.0012035 0.033439
0.99961 0.00069492 0.027931 -0.00026213 0.99988 -0.015496 -0.027939 0.015482 0.99949 0.0010679 -0.0030871 0.064307
0.99919 -0.0024804 0.040256 0.0034344 0.99971 -0.023647 -0.040186 0.023766 0.99891 0.0031904 -0.0056663 0.096411
0.99853 -0.0027119 0.054194 0.0040327 0.9997 -0.024277 -0.054112 0.02446 0.99824 0.0055054 -0.008034 0.13083
0.99776 -0.0035647 0.066754 0.0050551 0.99974 -0.022171 -0.066657 0.022459 0.99752 0.0048038 -0.0095173 0.16056
0.99686 -0.0010183 0.079222 0.0026939 0.99977 -0.021047 -0.079183 0.021194 0.99663 0.00315 -0.0099636 0.18812
0.9957 -0.0021519 0.092644 0.0037919 0.99984 -0.01753 -0.092592 0.017806 0.99554 0.00076239 -0.009721 0.21883
0.99454 -0.0042361 0.10427 0.0057597 0.99988 -0.014316 -0.1042 0.014838 0.99445 -0.0010067 -0.010654 0.24501
0.99324 -0.0085021 0.11573 0.01008 0.99986 -0.013057 -0.1156 0.014135 0.9932 -0.0029533 -0.011503 0.27345
0.99172 -0.0072421 0.12823 0.0081786 0.99994 -0.0067783 -0.12818 0.007771 0.99172 -0.0062629 -0.011807 0.30447
0.99013 -0.0049723 0.14005 0.0059075 0.99996 -0.0062629 -0.14001 0.0070284 0.99012 -0.0080767 -0.011577 0.33467
0.98853 -0.0019768 0.15101 0.0037533 0.99993 -0.011481 -0.15097 0.011916 0.98847 -0.0097046 -0.012044 0.3654
0.9866 -0.0017522 0.16315 0.0042549 0.99988 -0.014991 -0.16311 0.015485 0.98649 -0.011138 -0.014179 0.39958
0.9846 -0.00018318 0.17483 0.0026897 0.9999 -0.0141 -0.17481 0.014353 0.9845 -0.014162 -0.015889 0.42918
0.98248 0.00035154 0.18636 0.0021089 0.99991 -0.013004 -0.18635 0.013169 0.9824 -0.01767 -0.018137 0.45788
0.98023 -0.0025238 0.19787 0.0059548 0.99984 -0.016747 -0.19779 0.017594 0.98009 -0.021917 -0.020191 0.49164
0.97802 -0.0042956 0.20845 0.0069821 0.9999 -0.012154 -0.20838 0.013342 0.97796 -0.025355 -0.021971 0.52287
0.97563 -0.0046054 0.21937 0.0056803 0.99997 -0.0042698 -0.21935 0.0054118 0.97563 -0.029617 -0.023204 0.55392
0.973 -0.0028526 0.23079 0.0025938 1 0.0014247 -0.2308 -0.00078761 0.973 -0.034824 -0.024758 0.58441
0.96982 0.003436 0.2438 -0.0050849 0.99997 0.0061341 -0.24377 -0.0071887 0.96981 -0.041475 -0.025778 0.61765
0.96689 0.004581 0.25514 -0.005745 0.99998 0.0038173 -0.25511 -0.0051567 0.9669 -0.048162 -0.026018 0.64828
0.96351 0.002413 0.26765 -0.0022993 1 -0.0007383 -0.26765 9.5938e-05 0.96352 -0.056216 -0.026732 0.68217
0.96028 0.00043484 0.27902 0.00096147 0.99999 -0.0048674 -0.27902 0.0049423 0.96027 -0.06449 -0.029104 0.71274
0.95694 0.00036268 0.29028 0.00073267 0.99999 -0.0036648 -0.29028 0.0037197 0.95694 -0.072813 -0.030858 0.74347
0.9537 0.00019541 0.30076 0.0011 0.99999 -0.0041379 -0.30076 0.0042771 0.95369 -0.081491 -0.032179 0.77485
0.94947 -0.0040873 0.31384 0.0082383 0.9999 -0.011901 -0.31376 0.013885 0.9494 -0.091355 -0.034819 0.80882
0.94572 -0.0042408 0.32495 0.011148 0.99975 -0.019399 -0.32478 0.021968 0.94553 -0.10057 -0.037166 0.83968
0.94215 0.0018283 0.33519 0.006339 0.99971 -0.023271 -0.33514 0.024049 0.94186 -0.10978 -0.038149 0.87074
0.93766 0.0079068 0.34746 6.793e-05 0.99974 -0.022933 -0.34755 0.021527 0.93741 -0.12051 -0.038896 0.90402
0.93347 0.010403 0.35849 -0.0024528 0.99974 -0.022623 -0.35863 0.020239 0.93326 -0.13092 -0.038639 0.93419
0.92867 0.0029963 0.37088 0.0041945 0.99982 -0.01858 -0.37087 0.018811 0.92849 -0.14387 -0.038618 0.96692
0.9239 -0.0013291 0.38264 0.0079476 0.99984 -0.015717 -0.38256 0.017562 0.92376 -0.15604 -0.038727 0.99725
0.91888 0.0020074 0.39454 0.0052389 0.99984 -0.017289 -0.39451 0.017953 0.91872 -0.16776 -0.038341 1.0294
0.91396 0.0077904 0.40572 0.001008 0.99977 -0.021468 -0.40579 0.02003 0.91375 -0.18034 -0.038537 1.0618
0.90827 0.0097026 0.41828 0.0010541 0.99967 -0.025478 -0.41839 0.023581 0.90796 -0.19565 -0.03854 1.0979
0.90224 0.0066342 0.43119 0.0057195 0.99961 -0.027348 -0.4312 0.02714 0.90185 -0.2104 -0.03852 1.1312
0.89612 0.0068138 0.44375 0.005622 0.99963 -0.026702 -0.44377 0.026423 0.89575 -0.22562 -0.03736 1.1657
0.88897 0.0073735 0.45791 0.0040993 0.9997 -0.024056 -0.45795 0.023262 0.88867 -0.24324 -0.034955 1.2046
0.88216 0.0072559 0.47089 0.0038488 0.99974 -0.022615 -0.47093 0.021763 0.8819 -0.26032 -0.033239 1.2402
0.87455 0.0099964 0.48483 0.0014259 0.99973 -0.023185 -0.48493 0.020968 0.8743 -0.2781 -0.031435 1.2767
0.86532 0.015034 0.501 -0.003492 0.99971 -0.023967 -0.50121 0.01899 0.86511 -0.29844 -0.029498 1.3174
0.85673 0.01756 0.51547 -0.0074926 0.99974 -0.021605 -0.51572 0.014647 0.85663 -0.31863 -0.027166 1.3537
0.84767 0.012535 0.53037 -0.0042822 0.99985 -0.016786 -0.5305 0.011958 0.8476 -0.34071 -0.025365 1.3884
0.83678 0.0084477 0.54748 -0.0001115 0.99988 -0.015258 -0.54754 0.012707 0.83668 -0.36603 -0.024221 1.4266
0.82641 0.0092363 0.563 0.0003772 0.99986 -0.016957 -0.56308 0.014226 0.82628 -0.38979 -0.019082 1.463
0.81561 0.011267 0.57849 1.9822e-05 0.99981 -0.019501 -0.5786 0.015917 0.81545 -0.41408 -0.014591 1.4993
0.80336 0.013019 0.59535 -0.00071433 0.99978 -0.020899 -0.59549 0.016364 0.8032 -0.4413 -0.010483 1.5366
0.79228 0.012349 0.61003 0.00097944 0.99977 -0.021511 -0.61015 0.01764 0.79209 -0.46748 -0.00766 1.5682
0.78119 0.011347 0.62419 0.003171 0.99975 -0.022143 -0.62429 0.019277 0.78096 -0.49446 -0.0045699 1.5986
0.76875 0.0095865 0.63947 0.0057083 0.99974 -0.02185 -0.63952 0.020447 0.7685 -0.52417 -0.0021624 1.6337
0.75778 0.0090189 0.65245 0.0069208 0.99974 -0.021857 -0.65248 0.021079 0.75752 -0.55179 0.00046964 1.6643
0.74713 0.0083199 0.66463 0.0078712 0.99974 -0.021363 -0.66463 0.021193 0.74687 -0.58035 0.0025201 1.6924
0.73521 0.0069726 0.67781 0.0094937 0.99974 -0.020582 -0.67778 0.021567 0.73495 -0.61242 0.0037098 1.7218
0.72468 0.0059098 0.68907 0.011319 0.99973 -0.020478 -0.689 0.022639 0.72441 -0.64171 0.0039505 1.749
0.71429 0.0053369 0.69983 0.012488 0.99971 -0.02037 -0.69974 0.023289 0.71402 -0.67136 0.0063666 1.776
0.70331 0.0049172 0.71087 0.013219 0.99971 -0.019994 -0.71076 0.023459 0.70304 -0.70424 0.0091443 1.8048
0.69496 0.0049755 0.71903 0.013982 0.99969 -0.020432 -0.71891 0.024253 0.69468 -0.7345 0.011234 1.8287
0.68744 0.004374 0.72623 0.015536 0.99966 -0.020727 -0.72607 0.025531 0.68714 -0.76515 0.013381 1.8513
0.68075 0.003737 0.73251 0.016764 0.99965 -0.02068 -0.73232 0.026358 0.68045 -0.79518 0.015114 1.8757
0.6745 0.0031984 0.73827 0.017064 0.99966 -0.019921 -0.73808 0.026034 0.67421 -0.82823 0.017233 1.9019
0.67004 0.0026964 0.74232 0.017574 0.99966 -0.019494 -0.74211 0.026108 0.66976 -0.85794 0.018921 1.9265
0.66678 0.0027445 0.74525 0.018247 0.99963 -0.020007 -0.74503 0.026939 0.66648 -0.88811 0.020461 1.9489
0.66458 0.0030608 0.74721 0.01821 0.99963 -0.020291 -0.74699 0.027091 0.66428 -0.92118 0.022228 1.9732
0.66397 0.0037197 0.74775 0.01738 0.99964 -0.020405 -0.74756 0.026544 0.66366 -0.95067 0.023793 1.9964
0.66455 0.0034478 0.74724 0.016833 0.99967 -0.019583 -0.74706 0.025592 0.66427 -0.98017 0.025403 2.019
0.66663 0.0035234 0.74538 0.015447 0.99971 -0.018541 -0.74523 0.023874 0.66638 -1.0119 0.02689 2.0455
0.67021 0.0035224 0.74217 0.013028 0.99978 -0.01651 -0.74206 0.020734 0.67001 -1.0431 0.027675 2.0635
0.67531 0.003725 0.73753 0.010585 0.99984 -0.014742 -0.73746 0.017762 0.67516 -1.0739 0.028522 2.0852
0.68226 0.0036101 0.7311 0.010063 0.99985 -0.014328 -0.73104 0.017133 0.68212 -1.1082 0.0293 2.1096
0.68943 0.002574 0.72435 0.012011 0.99982 -0.014985 -0.72425 0.019031 0.68927 -1.1386 0.029984 2.134
0.6988 0.00021345 0.71532 0.015162 0.99977 -0.01511 -0.71516 0.021404 0.69863 -1.1725 0.030535 2.1597
0.70874 -0.0020851 0.70547 0.017728 0.99973 -0.014855 -0.70525 0.023035 0.70859 -1.203 0.030801 2.1826
0.71946 -0.003018 0.69452 0.019071 0.9997 -0.015411 -0.69427 0.024333 0.7193 -1.2326 0.03091 2.2066
0.73183 -0.0041006 0.68148 0.019228 0.99971 -0.014633 -0.68122 0.023813 0.73169 -1.2646 0.031344 2.2334
0.74417 -0.0048976 0.66797 0.018439 0.99974 -0.013212 -0.66773 0.022148 0.74407 -1.2926 0.032135 2.2595
0.75744 -0.0070605 0.65287 0.018886 0.99976 -0.011099 -0.65263 0.020737 0.75739 -1.3207 0.032844 2.2839
0.7722 -0.010808 0.63528 0.02055 0.99976 -0.00797 -0.63504 0.01921 0.77224 -1.3503 0.033783 2.3125
0.78533 -0.013271 0.61893 0.021307 0.99976 -0.0055985 -0.61871 0.017584 0.78543 -1.3766 0.034472 2.338
0.79845 -0.012124 0.60193 0.019327 0.9998 -0.0055002 -0.60175 0.016025 0.79853 -1.4012 0.035156 2.366
0.81302 -0.011817 0.58211 0.017975 0.99983 -0.0048081 -0.58196 0.014373 0.81309 -1.4276 0.035699 2.3971
0.82647 -0.012999 0.56283 0.017842 0.99984 -0.003107 -0.5627 0.01261 0.82657 -1.4512 0.036013 2.4256
0.83963 -0.01327 0.543 0.01694 0.99985 -0.0017592 -0.5429 0.010676 0.83973 -1.4744 0.036337 2.4549
0.85407 -0.011081 0.52003 0.014724 0.99989 -0.0028768 -0.51994 0.010114 0.85414 -1.499 0.036575 2.4882
0.86681 -0.0083479 0.49858 0.01223 0.99991 -0.0045202 -0.4985 0.010016 0.86683 -1.5204 0.036873 2.5206
0.87907 -0.0069498 0.47664 0.01102 0.99992 -0.0057444 -0.47656 0.010302 0.87908 -1.5412 0.037051 2.5534
0.89192 -0.0078221 0.45212 0.011561 0.99992 -0.005507 -0.45204 0.010139 0.89194 -1.5634 0.037245 2.5906
0.90295 -0.010481 0.42962 0.01362 0.9999 -0.0042326 -0.42953 0.0096732 0.903 -1.5834 0.037265 2.6238
0.91338 -0.012355 0.40693 0.015322 0.99987 -0.004033 -0.40683 0.0099186 0.91345 -1.6017 0.037478 2.6595
0.92398 -0.010283 0.3823 0.013257 0.9999 -0.0051448 -0.38221 0.0098219 0.92402 -1.6204 0.037805 2.7001
0.93292 -0.0080205 0.36 0.010935 0.99992 -0.0060595 -0.35992 0.0095895 0.93293 -1.6361 0.038325 2.7385
0.94144 -0.0089526 0.33707 0.011573 0.99992 -0.0057664 -0.33699 0.0093297 0.94146 -1.6514 0.03918 2.778
0.95003 -0.011609 0.31195 0.01383 0.99989 -0.0049086 -0.31186 0.0089776 0.95008 -1.6672 0.040221 2.8225
0.95706 -0.012542 0.2896 0.014836 0.99987 -0.0057271 -0.2895 0.0097777 0.95713 -1.6806 0.040791 2.8642
0.96362 -0.014215 0.26689 0.016804 0.99983 -0.0074183 -0.26674 0.011633 0.9637 -1.6932 0.041173 2.9068
0.97024 -0.018156 0.24147 0.020543 0.99976 -0.0073687 -0.24128 0.01211 0.97038 -1.7062 0.04207 2.9546
0.97581 -0.021928 0.2175 0.023821 0.9997 -0.0060834 -0.2173 0.011117 0.97604 -1.7166 0.043636 2.9988
0.98078 -0.025687 0.1934 0.027159 0.99962 -0.0049649 -0.1932 0.010122 0.98111 -1.7271 0.045203 3.043
0.98527 -0.026363 0.16894 0.027618 0.99961 -0.005085 -0.16874 0.0096759 0.98561 -1.7358 0.046504 3.0887
0.9895 -0.027567 0.14185 0.028643 0.99957 -0.0055478 -0.14164 0.0095525 0.98987 -1.7442 0.047697 3.14
0.99276 -0.028912 0.11659 0.029939 0.99953 -0.0070673 -0.11633 0.010507 0.99315 -1.7513 0.048041 3.1877
0.9955 -0.03138 0.089458 0.032313 0.99944 -0.0089972 -0.089126 0.011847 0.99595 -1.7576 0.048483 3.2415
0.99726 -0.033574 0.065915 0.034374 0.99935 -0.011048 -0.065501 0.013283 0.99776 -1.7622 0.048821 3.2915
0.99849 -0.034889 0.042493 0.03543 0.9993 -0.01205 -0.042043 0.013538 0.99902 -1.7655 0.049388 3.3423
0.99919 -0.036497 0.01683 0.036694 0.99926 -0.011585 -0.016395 0.012193 0.99979 -1.7676 0.050249 3.3992
0.99929 -0.037129 -0.0071152 0.037051 0.99925 -0.010859 0.0075131 0.010588 0.99992 -1.7683 0.051314 3.4518
0.9988 -0.038008 -0.030995 0.037689 0.99923 -0.010815 0.031382 0.0096339 0.99946 -1.7677 0.052746 3.5055
0.99765 -0.039249 -0.056189 0.038709 0.99919 -0.010677 0.056563 0.0084764 0.99836 -1.7656 0.054351 3.5655
0.99614 -0.040219 -0.078055 0.039524 0.99916 -0.010428 0.078409 0.0073028 0.99689 -1.7621 0.055527 3.6209
0.9942 -0.040722 -0.099529 0.039786 0.99914 -0.011377 0.099908 0.0073513 0.99497 -1.7575 0.056374 3.6768
0.99177 -0.041482 -0.12109 0.040186 0.99911 -0.013125 0.12153 0.0081511 0.99255 -1.752 0.057017 3.7323
0.98862 -0.042034 -0.14445 0.040287 0.99908 -0.015 0.14495 0.0090097 0.9894 -1.7445 0.057563 3.7933
0.98538 -0.041891 -0.16512 0.039722 0.99908 -0.016417 0.16566 0.009618 0.98614 -1.7364 0.058044 3.8485
0.9815 -0.041442 -0.18693 0.038897 0.99909 -0.017264 0.18747 0.0096733 0.98222 -1.7259 0.058533 3.9095
0.97781 -0.04138 -0.20535 0.038636 0.9991 -0.017359 0.20589 0.0090399 0.97853 -1.7152 0.059011 3.9646
0.97402 -0.040694 -0.22276 0.037928 0.99914 -0.016685 0.22325 0.0078029 0.97473 -1.7038 0.059382 4.0187
0.96986 -0.041226 -0.24014 0.038542 0.99913 -0.015863 0.24059 0.0061296 0.97061 -1.6917 0.059785 4.0723
0.96481 -0.042182 -0.25953 0.039644 0.9991 -0.015008 0.25993 0.004191 0.96562 -1.6773 0.060077 4.1306
0.96005 -0.041673 -0.27672 0.039325 0.99913 -0.01403 0.27706 0.0025873 0.96085 -1.6628 0.060238 4.184
0.955 -0.040576 -0.29381 0.038248 0.99917 -0.013667 0.29412 0.0018143 0.95577 -1.6474 0.060207 4.2369
0.949 -0.040218 -0.31269 0.037828 0.99919 -0.013708 0.31299 0.0011806 0.94976 -1.6297 0.059769 4.2948
0.9432 -0.040971 -0.3297 0.038455 0.99916 -0.014152 0.33 0.00066973 0.94398 -1.6133 0.058904 4.3464
0.93713 -0.041194 -0.34655 0.03846 0.99915 -0.014766 0.34687 0.00050918 0.93791 -1.5954 0.058248 4.3985
0.93022 -0.038952 -0.36493 0.036131 0.99924 -0.014559 0.36522 0.00035827 0.93092 -1.5744 0.057416 4.4554
0.92369 -0.034978 -0.38155 0.032249 0.99939 -0.013546 0.38179 0.00020743 0.92425 -1.5538 0.056799 4.5071
0.91698 -0.029843 -0.39781 0.027122 0.99955 -0.012466 0.39801 0.00064151 0.91738 -1.5324 0.056025 4.558
0.90975 -0.024197 -0.41445 0.02161 0.99971 -0.010932 0.41459 0.00098944 0.91001 -1.5078 0.055314 4.6137
0.90351 -0.018226 -0.42817 0.015925 0.99983 -0.0089554 0.42826 0.0012727 0.90365 -1.484 0.054817 4.6644
0.89884 -0.011883 -0.43811 0.00989 0.99993 -0.0068305 0.43816 0.0018067 0.8989 -1.4594 0.054084 4.7148
0.89524 -0.00418 -0.44556 0.0033713 0.99999 -0.0026075 0.44557 0.00083221 0.89525 -1.431 0.053699 4.7706
0.89292 0.0012605 -0.45021 -0.0010484 1 0.00072041 0.45021 -0.00017126 0.89292 -1.4063 0.052494 4.8201
0.89168 0.0068432 -0.45261 -0.0053453 0.99998 0.0045882 0.45263 -0.0016719 0.89169 -1.3806 0.051861 4.8702
0.89179 0.01159 -0.4523 -0.0090409 0.99993 0.007797 0.45236 -0.002864 0.89183 -1.3544 0.051317 4.9209
0.89305 0.016035 -0.44968 -0.013 0.99987 0.0098371 0.44978 -0.0029391 0.89313 -1.3257 0.050489 4.977
0.89558 0.016745 -0.44458 -0.014872 0.99986 0.0077005 0.44465 -0.00028441 0.8957 -1.2994 0.049829 5.0287
0.89913 0.017605 -0.43733 -0.017424 0.99984 0.0044274 0.43734 0.0036393 0.89929 -1.274 0.049023 5.0791
0.90388 0.020214 -0.42731 -0.021808 0.99976 0.0011651 0.42724 0.0082657 0.9041 -1.2457 0.048476 5.1363
0.90898 0.024888 -0.41609 -0.027583 0.99962 -0.0004673 0.41592 0.011902 0.90932 -1.2204 0.047829 5.1885
0.91476 0.023474 -0.40331 -0.026968 0.99963 -0.0029847 0.40309 0.013607 0.91506 -1.1956 0.047985 5.2421
0.92083 0.020756 -0.38942 -0.024172 0.9997 -0.0038738 0.38922 0.01298 0.92105 -1.1701 0.048443 5.3013
0.92651 0.018816 -0.3758 -0.021683 0.99976 -0.0034025 0.37564 0.011301 0.9267 -1.1474 0.048964 5.3558
0.932 0.020675 -0.36187 -0.022944 0.99973 -0.0019746 0.36173 0.010143 0.93223 -1.1249 0.04927 5.4112
0.9375 0.019971 -0.3474 -0.02172 0.99976 -0.0011405 0.3473 0.0086149 0.93771 -1.1021 0.049577 5.4733
0.94227 0.017892 -0.33437 -0.019383 0.99981 -0.0011216 0.33429 0.0075378 0.94244 -1.0818 0.050122 5.5307
0.94701 0.015075 -0.32084 -0.016571 0.99986 -0.0019311 0.32076 0.0071453 0.94713 -1.0625 0.050309 5.5882
0.95124 0.013563 -0.30815 -0.015467 0.99987 -0.0037396 0.30806 0.0083235 0.95133 -1.0433 0.050438 5.647
0.95547 0.012705 -0.29482 -0.015248 0.99986 -0.006327 0.2947 0.010541 0.95553 -1.023 0.050507 5.7124
0.95919 0.010792 -0.28255 -0.014117 0.99985 -0.0097315 0.2824 0.013323 0.9592 -1.005 0.050779 5.7727
0.96274 0.0093019 -0.27026 -0.013192 0.99983 -0.012581 0.27009 0.015677 0.96271 -0.98619 0.051171 5.8397
0.96562 0.0083911 -0.25981 -0.012012 0.99985 -0.012351 0.25966 0.015047 0.96558 -0.96883 0.052312 5.9012
0.96829 0.0077829 -0.24972 -0.010734 0.99989 -0.010457 0.24961 0.012806 0.96826 -0.95198 0.053585 5.9633
0.97057 0.0063958 -0.24075 -0.0084197 0.99994 -0.007379 0.24069 0.0091888 0.97056 -0.93584 0.055227 6.026
0.97266 0.0060453 -0.23217 -0.0071166 0.99997 -0.0037771 0.23214 0.0053261 0.97267 -0.91868 0.056807 6.0951
0.97429 0.0071245 -0.22518 -0.0079942 0.99996 -0.0029505 0.22515 0.0046747 0.97431 -0.90336 0.057683 6.1585
