1.000000 0.000000 0.000000 -0.000000 1.000000 0.000000 0.000000 -0.000000 1.000000 0.000000 0.000000 0.000000
1.000004 0.000480 -0.001231 -0.000479 1.000001 0.000624 0.001231 -0.000623 0.999991 0.013241 -0.015753 1.257954
0.999999 -0.000647 -0.004041 0.000647 1.000008 -0.000045 0.004040 0.000042 0.999991 0.015287 -0.024738 2.399005
0.999972 -0.002159 -0.007817 0.002147 0.999995 -0.001564 0.007819 0.001547 0.999962 0.015301 -0.034904 3.651084
0.999925 -0.005426 -0.011017 0.005399 0.999986 -0.002493 0.011031 0.002433 0.999936 0.017172 -0.047496 4.788142
0.999884 -0.006299 -0.014161 0.006238 0.999976 -0.004342 0.014188 0.004253 0.999891 0.028575 -0.063471 6.036114
0.999841 -0.007839 -0.016326 0.007774 0.999961 -0.004059 0.016358 0.003932 0.999852 0.036983 -0.082187 7.170116
0.999808 -0.008023 -0.018049 0.007979 0.999968 -0.002469 0.018067 0.002324 0.999827 0.052832 -0.104689 8.304048
0.999778 -0.008810 -0.019354 0.008784 0.999963 -0.001419 0.019365 0.001249 0.999809 0.054417 -0.122856 9.432118
0.999742 -0.009272 -0.020857 0.009237 0.999962 -0.001784 0.020872 0.001591 0.999775 0.056951 -0.139856 10.670181
0.999713 -0.009838 -0.022137 0.009791 0.999951 -0.002216 0.022157 0.001999 0.999748 0.053830 -0.155331 11.790294
0.999679 -0.009692 -0.023576 0.009613 0.999954 -0.003487 0.023608 0.003259 0.999715 0.043093 -0.168687 12.906481
0.999636 -0.011022 -0.024732 0.010910 0.999931 -0.004682 0.024781 0.004411 0.999679 0.040128 -0.186572 14.127601
0.999609 -0.010505 -0.025833 0.010376 0.999933 -0.005122 0.025884 0.004852 0.999651 0.038978 -0.202756 15.231694
0.999628 -0.008447 -0.026115 0.008381 0.999966 -0.002639 0.026136 0.002419 0.999649 0.036770 -0.223414 16.442810
0.999632 -0.007267 -0.026109 0.007240 0.999978 -0.001126 0.026117 0.000936 0.999657 0.037512 -0.243585 17.544890
0.999638 -0.006008 -0.026289 0.005967 0.999983 -0.001632 0.026298 0.001475 0.999650 0.042306 -0.263824 18.652930
0.999645 -0.006367 -0.026079 0.006286 0.999974 -0.003192 0.026099 0.003027 0.999650 0.035758 -0.281433 19.866085
0.999639 -0.007405 -0.025815 0.007274 0.999964 -0.005193 0.025852 0.005003 0.999651 0.033708 -0.300896 20.966193
0.999648 -0.008551 -0.025067 0.008407 0.999951 -0.005830 0.025115 0.005617 0.999664 0.034632 -0.324403 22.070277
0.999679 -0.009968 -0.023650 0.009867 0.999944 -0.004370 0.023691 0.004135 0.999707 0.053434 -0.360415 23.286205
0.999716 -0.010707 -0.021648 0.010644 0.999940 -0.003051 0.021679 0.002820 0.999755 0.062581 -0.388346 24.384212
0.999758 -0.011143 -0.019116 0.011096 0.999937 -0.002545 0.019142 0.002332 0.999808 0.082581 -0.417690 25.476111
0.999815 -0.011232 -0.015880 0.011195 0.999937 -0.002473 0.015907 0.002295 0.999865 0.110534 -0.449110 26.674938
0.999840 -0.012700 -0.012879 0.012672 0.999922 -0.002299 0.012907 0.002135 0.999915 0.135792 -0.475303 27.756778
0.999864 -0.013519 -0.009648 0.013504 0.999908 -0.001694 0.009669 0.001564 0.999951 0.164709 -0.506895 28.844590
0.999872 -0.015381 -0.006031 0.015375 0.999881 -0.001112 0.006048 0.001019 0.999983 0.188675 -0.533557 30.031449
0.999851 -0.016983 -0.002523 0.016980 0.999856 -0.001170 0.002542 0.001127 0.999998 0.219614 -0.560228 31.109232
0.999860 -0.016976 0.001460 0.016978 0.999856 -0.001113 -0.001441 0.001138 0.999997 0.244782 -0.584191 32.179068
0.999835 -0.017264 0.005785 0.017271 0.999855 -0.000986 -0.005767 0.001086 0.999983 0.278884 -0.610643 33.356824
0.999843 -0.015070 0.009638 0.015083 0.999893 -0.001338 -0.009617 0.001483 0.999954 0.310910 -0.630955 34.425585
0.999800 -0.014784 0.014014 0.014821 0.999886 -0.002534 -0.013975 0.002741 0.999892 0.355676 -0.655845 35.608230
0.999746 -0.014383 0.017533 0.014444 0.999889 -0.003311 -0.017484 0.003564 0.999837 0.399862 -0.677844 36.685870
0.999668 -0.015430 0.020870 0.015512 0.999876 -0.003790 -0.020809 0.004112 0.999774 0.447784 -0.701042 37.762475
0.999572 -0.017057 0.023932 0.017153 0.999851 -0.003811 -0.023863 0.004219 0.999703 0.502243 -0.729389 38.952027
0.999511 -0.017486 0.025878 0.017587 0.999840 -0.003651 -0.025811 0.004104 0.999653 0.549258 -0.752114 40.032641
0.999466 -0.018246 0.027120 0.018358 0.999827 -0.003846 -0.027046 0.004342 0.999621 0.599557 -0.775883 41.116223
0.999433 -0.018130 0.028374 0.018286 0.999820 -0.005228 -0.028275 0.005743 0.999580 0.646129 -0.795434 42.300840
0.999479 -0.013886 0.029144 0.014090 0.999876 -0.006798 -0.029046 0.007205 0.999545 0.673976 -0.812438 43.376639
0.999491 -0.012820 0.029244 0.012957 0.999906 -0.004480 -0.029184 0.004857 0.999560 0.705418 -0.834434 44.450409
0.999522 -0.012299 0.028379 0.012366 0.999924 -0.002179 -0.028350 0.002528 0.999595 0.740988 -0.859546 45.632147
0.999508 -0.014442 0.028090 0.014423 0.999902 0.000863 -0.028100 -0.000458 0.999603 0.771551 -0.878442 46.707921
0.999491 -0.017802 0.026687 0.017767 0.999840 0.001571 -0.026711 -0.001096 0.999636 0.804167 -0.892234 47.781666
0.999500 -0.018899 0.025447 0.018871 0.999827 0.001301 -0.025467 -0.000820 0.999669 0.835313 -0.906556 48.965432
0.999493 -0.020245 0.024704 0.020272 0.999796 -0.000828 -0.024682 0.001328 0.999690 0.868373 -0.918439 50.044170
0.999560 -0.018208 0.023749 0.018304 0.999827 -0.003831 -0.023675 0.004264 0.999705 0.892392 -0.927270 51.237000
0.999621 -0.015942 0.022370 0.016066 0.999857 -0.005350 -0.022282 0.005708 0.999731 0.911349 -0.940488 52.322883
0.999661 -0.016424 0.020268 0.016537 0.999856 -0.005416 -0.020177 0.005749 0.999773 0.925162 -0.958619 53.410826
0.999737 -0.015599 0.016986 0.015679 0.999867 -0.004615 -0.016912 0.004880 0.999845 0.938889 -0.978777 54.607779
0.999799 -0.015427 0.012888 0.015478 0.999876 -0.003820 -0.012828 0.004018 0.999905 0.928182 -0.996386 55.696971
0.999880 -0.013014 0.008717 0.013055 0.999905 -0.004678 -0.008655 0.004791 0.999949 0.927894 -1.010865 56.784052
0.999938 -0.010698 0.004727 0.010724 0.999934 -0.005536 -0.004667 0.005586 0.999971 0.913737 -1.029310 57.983285
0.999972 -0.007825 0.002273 0.007836 0.999962 -0.004675 -0.002236 0.004693 0.999984 0.899656 -1.048622 59.077514
0.999982 -0.007078 0.000540 0.007080 0.999965 -0.004793 -0.000506 0.004797 0.999982 0.882910 -1.066138 60.174768
0.999983 -0.006416 -0.001291 0.006410 0.999967 -0.004809 0.001322 0.004801 0.999981 0.858023 -1.080900 61.386105
0.999948 -0.009900 -0.002933 0.009880 0.999928 -0.006619 0.002998 0.006590 0.999970 0.842534 -1.094005 62.487338
0.999928 -0.010794 -0.005059 0.010740 0.999892 -0.010704 0.005174 0.010649 0.999929 0.821885 -1.107219 63.593625
0.999891 -0.013196 -0.007070 0.013104 0.999837 -0.012812 0.007237 0.012717 0.999893 0.809739 -1.128030 64.810843
0.999872 -0.013076 -0.009211 0.013001 0.999890 -0.008204 0.009316 0.008083 0.999917 0.784694 -1.155754 65.920197
0.999871 -0.012340 -0.010914 0.012320 0.999923 -0.001900 0.010937 0.001766 0.999934 0.762337 -1.180567 67.030520
0.999858 -0.010854 -0.013159 0.010871 0.999943 0.001191 0.013145 -0.001334 0.999912 0.729826 -1.195122 68.261935
0.999834 -0.010201 -0.015430 0.010210 0.999956 0.000488 0.015424 -0.000645 0.999876 0.700147 -1.200041 69.383301
0.999801 -0.009367 -0.017851 0.009329 0.999953 -0.002219 0.017870 0.002052 0.999835 0.667735 -1.202565 70.507690
0.999752 -0.006966 -0.021095 0.006864 0.999965 -0.004917 0.021128 0.004771 0.999762 0.624974 -1.205936 71.750192
0.999686 -0.006571 -0.024286 0.006432 0.999968 -0.005800 0.024323 0.005642 0.999686 0.584068 -1.212582 72.877674
0.999594 -0.004300 -0.028307 0.004173 0.999983 -0.004546 0.028326 0.004426 0.999585 0.527478 -1.221097 74.120325
0.999477 -0.003224 -0.032160 0.003094 0.999986 -0.004094 0.032172 0.003992 0.999473 0.484133 -1.230541 75.254837
0.999336 -0.001645 -0.036470 0.001472 0.999992 -0.004788 0.036477 0.004731 0.999318 0.430693 -1.238412 76.392449
0.999165 -0.000492 -0.040943 0.000259 0.999987 -0.005716 0.040944 0.005700 0.999145 0.371624 -1.246716 77.647125
0.998976 0.001505 -0.045316 -0.001736 0.999993 -0.005047 0.045306 0.005120 0.998958 0.309893 -1.254216 78.783821
0.998778 0.001777 -0.049410 -0.001961 0.999992 -0.003687 0.049402 0.003780 0.998768 0.253494 -1.267989 79.926473
0.998505 0.003314 -0.054562 -0.003486 0.999996 -0.003057 0.054550 0.003243 0.998499 0.177667 -1.276641 81.185320
0.998227 0.003946 -0.059432 -0.004177 0.999989 -0.003766 0.059416 0.004007 0.998220 0.105591 -1.285270 82.325123
0.997937 0.004789 -0.064023 -0.005122 0.999974 -0.005047 0.063995 0.005364 0.997928 0.031878 -1.294604 83.464944
0.997653 0.005994 -0.068220 -0.006333 0.999968 -0.004756 0.068188 0.005177 0.997660 -0.055067 -1.306903 84.716909
0.997404 0.008014 -0.071585 -0.008251 0.999962 -0.003016 0.071557 0.003599 0.997432 -0.136156 -1.320861 85.856812
0.997193 0.008201 -0.074476 -0.008334 0.999970 -0.001475 0.074461 0.002092 0.997219 -0.226875 -1.334657 86.992813
0.996947 0.008974 -0.077577 -0.009040 0.999961 -0.000504 0.077569 0.001203 0.996978 -0.321841 -1.352988 88.240869
0.996779 0.009224 -0.079656 -0.009263 0.999961 -0.000126 0.079651 0.000864 0.996819 -0.413606 -1.367479 89.381882
0.996568 0.009951 -0.082258 -0.010035 0.999955 -0.000618 0.082247 0.001442 0.996606 -0.512054 -1.381918 90.632967
0.996371 0.009645 -0.084583 -0.009706 0.999953 -0.000298 0.084575 0.001117 0.996409 -0.608024 -1.395222 91.774020
0.996174 0.009332 -0.086958 -0.009424 0.999963 -0.000646 0.086947 0.001463 0.996214 -0.702387 -1.410421 92.915060
0.995941 0.009638 -0.089544 -0.009868 0.999956 -0.002128 0.089519 0.003003 0.995983 -0.807012 -1.432496 94.156221
0.995760 0.009046 -0.091538 -0.009362 0.999956 -0.003017 0.091508 0.003861 0.995794 -0.902354 -1.454098 95.297281
0.995585 0.011505 -0.093220 -0.011842 0.999924 -0.003061 0.093184 0.004152 0.995641 -1.003505 -1.473636 96.428396
0.995440 0.011539 -0.094746 -0.011759 0.999932 -0.001753 0.094715 0.002859 0.995495 -1.118924 -1.497661 97.659669
0.995245 0.013913 -0.096475 -0.013930 0.999907 0.000500 0.096471 0.000846 0.995329 -1.225078 -1.516314 98.790833
0.995178 0.012075 -0.097362 -0.011891 0.999927 0.002466 0.097378 -0.001296 0.995244 -1.333737 -1.532876 99.922020
0.995028 0.014725 -0.098520 -0.014657 0.999898 0.001411 0.098534 0.000040 0.995128 -1.453788 -1.546900 101.163324
0.994903 0.015540 -0.099652 -0.016062 0.999860 -0.004439 0.099568 0.006017 0.995009 -1.564488 -1.550968 102.294511
0.994796 0.016093 -0.100655 -0.016875 0.999836 -0.006922 0.100530 0.008585 0.994893 -1.688145 -1.562388 103.545848
0.994722 0.015692 -0.101385 -0.016523 0.999835 -0.007354 0.101250 0.008991 0.994821 -1.800891 -1.582647 104.687083
0.994691 0.013457 -0.102015 -0.014316 0.999868 -0.007698 0.101887 0.009117 0.994748 -1.913032 -1.603672 105.848314
0.994647 0.008827 -0.103000 -0.009845 0.999915 -0.009377 0.102900 0.010341 0.994631 -2.035852 -1.625258 107.119659
0.994577 0.005876 -0.103872 -0.006880 0.999935 -0.009308 0.103806 0.009972 0.994540 -2.148494 -1.645785 108.280895
0.994497 0.003344 -0.104709 -0.004124 0.999973 -0.007235 0.104683 0.007627 0.994475 -2.263129 -1.668319 109.442153
0.994424 0.003768 -0.105385 -0.004397 0.999982 -0.005739 0.105354 0.006171 0.994409 -2.393446 -1.689897 110.733576
0.994398 0.004076 -0.105644 -0.004744 0.999974 -0.006068 0.105615 0.006535 0.994382 -2.515099 -1.706121 111.914897
0.994329 0.005466 -0.106283 -0.006194 0.999959 -0.006526 0.106238 0.007147 0.994310 -2.638456 -1.720951 113.096232
0.994274 0.005680 -0.106735 -0.006365 0.999969 -0.006074 0.106689 0.006718 0.994263 -2.774781 -1.738601 114.417711
0.994183 0.005856 -0.107546 -0.006555 0.999960 -0.006145 0.107510 0.006814 0.994182 -2.899331 -1.754504 115.619062
0.994099 0.004674 -0.108435 -0.005445 0.999967 -0.006814 0.108399 0.007364 0.994082 -3.037556 -1.771344 116.950560
0.994005 0.003698 -0.109331 -0.004643 0.999956 -0.008388 0.109299 0.008845 0.993964 -3.165004 -1.787024 118.171940
0.993886 0.003629 -0.110344 -0.004848 0.999930 -0.010784 0.110290 0.011253 0.993828 -3.295149 -1.802997 119.403349
0.993776 0.003273 -0.111382 -0.004643 0.999920 -0.012045 0.111331 0.012487 0.993700 -3.427882 -1.821962 120.644790
0.993623 0.004450 -0.112653 -0.005840 0.999914 -0.012008 0.112595 0.012590 0.993563 -3.577478 -1.845976 122.016417
0.993531 0.004834 -0.113503 -0.005928 0.999941 -0.009308 0.113446 0.009920 0.993487 -3.716694 -1.869031 123.277931
0.993420 0.004927 -0.114436 -0.005601 0.999976 -0.005576 0.114397 0.006180 0.993411 -3.872086 -1.893132 124.669617
0.993307 0.003804 -0.115496 -0.004519 0.999973 -0.005923 0.115466 0.006405 0.993292 -4.014321 -1.909365 125.951152
0.993172 0.001194 -0.116679 -0.002196 0.999968 -0.008461 0.116664 0.008660 0.993128 -4.157965 -1.923202 127.232697
0.993011 -0.000543 -0.118022 -0.000790 0.999936 -0.011250 0.118023 0.011264 0.992946 -4.318871 -1.940858 128.664431
0.992906 -0.001961 -0.118872 0.000585 0.999932 -0.011614 0.118892 0.011462 0.992836 -4.468889 -1.961284 129.966053
0.992809 -0.000251 -0.119746 -0.001053 0.999946 -0.010830 0.119736 0.010878 0.992743 -4.622498 -1.984106 131.277715
0.992710 0.000603 -0.120542 -0.001736 0.999957 -0.009295 0.120528 0.009437 0.992659 -4.795175 -2.008952 132.739582
0.992631 0.002060 -0.121213 -0.003176 0.999961 -0.009012 0.121181 0.009330 0.992585 -4.954688 -2.029262 134.071301
0.992510 0.001796 -0.122139 -0.003123 0.999943 -0.010670 0.122112 0.010972 0.992457 -5.131175 -2.050805 135.543202
0.992397 0.000914 -0.123081 -0.002247 0.999940 -0.010698 0.123062 0.010893 0.992337 -5.292179 -2.073303 136.884941
0.992273 -0.000109 -0.124069 -0.000932 0.999973 -0.008333 0.124061 0.008384 0.992233 -5.454270 -2.099689 138.236697
0.992142 -0.000433 -0.125127 -0.000352 0.999988 -0.006252 0.125132 0.006247 0.992120 -5.618066 -2.124281 139.588468
0.991977 0.000341 -0.126412 -0.001022 0.999990 -0.005323 0.126404 0.005410 0.991962 -5.800841 -2.148729 141.070437
0.991823 0.001131 -0.127674 -0.001829 0.999992 -0.005346 0.127667 0.005536 0.991795 -5.969948 -2.169838 142.422256
0.991630 0.002007 -0.129105 -0.002733 0.999986 -0.005446 0.129091 0.005754 0.991609 -6.157827 -2.193417 143.894276
0.991452 0.001525 -0.130467 -0.002260 0.999984 -0.005486 0.130462 0.005734 0.991433 -6.329730 -2.215635 145.246125
