1.000000 -0.000000 -0.000000 0.000000 1.000000 0.000000 0.000000 0.000000 1.000000 -0.000000 0.000000 0.000000
0.999994 -0.000239 -0.000960 0.000237 0.999992 -0.002115 0.000961 0.002114 0.999995 0.002491 0.008221 0.986480
0.999996 -0.001331 -0.001887 0.001327 0.999992 -0.002500 0.001891 0.002497 0.999993 0.001836 0.014562 1.899941
0.999989 -0.001919 -0.002967 0.001918 1.000000 -0.000471 0.002972 0.000465 0.999998 0.000193 0.011306 2.828762
0.999987 -0.003185 -0.003668 0.003192 0.999991 0.001875 0.003671 -0.001887 0.999991 -0.000700 0.012261 3.866970
0.999982 -0.002432 -0.004612 0.002437 0.999991 0.001283 0.004611 -0.001294 0.999994 -0.003095 0.020521 4.823778
0.999983 -0.002528 -0.005309 0.002523 0.999996 -0.000831 0.005313 0.000817 0.999983 0.001393 0.042825 5.792700
0.999972 -0.000463 -0.006961 0.000439 0.999993 -0.003370 0.006963 0.003367 0.999974 -0.003724 0.056640 6.874282
0.999961 0.001554 -0.008598 -0.001593 0.999988 -0.004516 0.008591 0.004529 0.999956 -0.011666 0.061653 7.868881
0.999930 0.004513 -0.010800 -0.004545 0.999981 -0.002805 0.010783 0.002854 0.999937 -0.024987 0.059201 8.977716
0.999895 0.006030 -0.012929 -0.006033 0.999979 -0.000199 0.012926 0.000277 0.999913 -0.038972 0.055791 9.997191
0.999856 0.007407 -0.015354 -0.007372 0.999965 0.002347 0.015368 -0.002234 0.999879 -0.054550 0.050568 11.021883
0.999811 0.006966 -0.018066 -0.006892 0.999971 0.004191 0.018097 -0.004065 0.999827 -0.077341 0.049732 12.156737
0.999766 0.005585 -0.021044 -0.005466 0.999967 0.005756 0.021068 -0.005639 0.999766 -0.103371 0.049945 13.195410
0.999703 0.004477 -0.023980 -0.004347 0.999974 0.005504 0.024007 -0.005398 0.999697 -0.131065 0.051002 14.237244
0.999622 0.001706 -0.027411 -0.001633 0.999997 0.002708 0.027419 -0.002662 0.999625 -0.165239 0.052833 15.388235
0.999535 -0.000598 -0.030467 0.000636 0.999997 0.001257 0.030468 -0.001275 0.999541 -0.200089 0.052723 16.439838
0.999451 0.000396 -0.033069 -0.000257 0.999990 0.004213 0.033066 -0.004202 0.999446 -0.242410 0.052997 17.497189
0.999376 -0.000972 -0.035334 0.001357 0.999941 0.010880 0.035323 -0.010921 0.999316 -0.286134 0.049828 18.666297
0.999317 -0.001371 -0.036941 0.001938 0.999882 0.015306 0.036915 -0.015368 0.999205 -0.329058 0.053049 19.736714
0.999280 -0.001606 -0.038007 0.002153 0.999896 0.014330 0.037980 -0.014401 0.999178 -0.371668 0.060982 20.808013
0.999224 -0.003877 -0.039158 0.004067 0.999979 0.004783 0.039144 -0.004938 0.999227 -0.417048 0.081130 21.989890
0.999211 -0.002153 -0.039648 0.002159 0.999995 0.000091 0.039655 -0.000177 0.999217 -0.460950 0.087519 23.069385
0.999212 -0.000899 -0.039655 0.000922 0.999997 0.000557 0.039659 -0.000592 0.999218 -0.508319 0.084709 24.262963
0.999235 -0.000134 -0.038983 0.000258 0.999989 0.003185 0.038976 -0.003192 0.999241 -0.549963 0.077996 25.351539
0.999274 0.000489 -0.038100 -0.000284 0.999988 0.005374 0.038099 -0.005359 0.999263 -0.593003 0.075851 26.444183
0.999309 -0.000074 -0.037246 0.000264 0.999991 0.005082 0.037251 -0.005089 0.999295 -0.636712 0.079910 27.651337
0.999324 -0.000826 -0.036735 0.000987 0.999992 0.004371 0.036732 -0.004404 0.999320 -0.675715 0.083769 28.751506
0.999344 -0.001366 -0.036039 0.001554 0.999986 0.005202 0.036036 -0.005256 0.999336 -0.716037 0.087562 29.858842
0.999377 -0.002075 -0.035291 0.002296 0.999972 0.006264 0.035274 -0.006341 0.999362 -0.760113 0.087095 31.085215
0.999407 -0.001935 -0.034427 0.002156 0.999972 0.006414 0.034410 -0.006484 0.999385 -0.796898 0.090905 32.208283
0.999432 -0.003722 -0.033547 0.004061 0.999936 0.010045 0.033506 -0.010175 0.999388 -0.836155 0.093379 33.337649
0.999449 -0.006680 -0.032534 0.007228 0.999837 0.016748 0.032417 -0.016974 0.999328 -0.877510 0.097516 34.589795
0.999436 -0.009928 -0.031964 0.010560 0.999754 0.019649 0.031760 -0.019976 0.999296 -0.912842 0.108396 35.734691
0.999390 -0.015897 -0.031124 0.016495 0.999679 0.019055 0.030813 -0.019557 0.999336 -0.949029 0.127218 36.887555
0.999341 -0.017945 -0.031389 0.018487 0.999680 0.017063 0.031070 -0.017632 0.999361 -0.989168 0.148617 38.164367
0.999253 -0.022129 -0.031657 0.022565 0.999655 0.013514 0.031340 -0.014217 0.999407 -1.024759 0.170577 39.332185
0.999254 -0.021187 -0.032406 0.021496 0.999726 0.009209 0.032196 -0.009899 0.999434 -1.066238 0.192154 40.626209
0.999270 -0.019096 -0.033062 0.019299 0.999792 0.005832 0.032941 -0.006465 0.999434 -1.109641 0.205673 41.811037
0.999251 -0.018200 -0.034131 0.018324 0.999822 0.003328 0.034067 -0.003951 0.999417 -1.155149 0.215356 43.007202
0.999280 -0.015336 -0.034808 0.015490 0.999872 0.004158 0.034743 -0.004695 0.999386 -1.205928 0.216420 44.329674
0.999287 -0.013104 -0.035461 0.013255 0.999905 0.003997 0.035409 -0.004464 0.999363 -1.250644 0.218150 45.537978
0.999238 -0.013492 -0.036548 0.013618 0.999901 0.003228 0.036492 -0.003723 0.999324 -1.295611 0.219286 46.754357
0.999139 -0.015259 -0.038487 0.015281 0.999881 0.000292 0.038479 -0.000879 0.999260 -1.346239 0.216621 48.101007
0.999084 -0.014925 -0.040065 0.014854 0.999882 -0.002056 0.040091 0.001459 0.999199 -1.395695 0.214484 49.334975
0.999020 -0.014404 -0.041734 0.014328 0.999889 -0.002110 0.041766 0.001511 0.999133 -1.448473 0.212076 50.576308
0.998987 -0.011351 -0.043432 0.011360 0.999931 -0.000043 0.043435 -0.000450 0.999057 -1.514230 0.207470 51.954626
0.998952 -0.009058 -0.044824 0.009150 0.999952 0.001853 0.044799 -0.002261 0.998995 -1.576176 0.204166 53.215969
0.998903 -0.006917 -0.046300 0.007048 0.999966 0.002678 0.046272 -0.003001 0.998923 -1.642157 0.202578 54.486718
0.998805 -0.006507 -0.048381 0.006665 0.999967 0.003103 0.048359 -0.003422 0.998827 -1.713814 0.201688 55.895691
0.998710 -0.006824 -0.050217 0.007087 0.999963 0.005069 0.050179 -0.005418 0.998726 -1.780629 0.211262 57.183386
0.998632 -0.007037 -0.051750 0.007411 0.999945 0.007022 0.051698 -0.007395 0.998637 -1.847931 0.217226 58.478235
0.998527 -0.007117 -0.053723 0.007559 0.999934 0.008045 0.053655 -0.008438 0.998529 -1.925801 0.223750 59.912795
0.998436 -0.008039 -0.055343 0.008471 0.999936 0.007577 0.055274 -0.008033 0.998445 -1.999711 0.229974 61.222355
0.998317 -0.009460 -0.057239 0.009905 0.999921 0.007497 0.057167 -0.008052 0.998331 -2.082452 0.237501 62.668426
0.998202 -0.010530 -0.058927 0.011067 0.999897 0.008775 0.058824 -0.009411 0.998230 -2.159477 0.247949 63.985243
0.998109 -0.010668 -0.060560 0.011292 0.999884 0.009969 0.060447 -0.010634 0.998115 -2.235443 0.257670 65.302976
0.998011 -0.011418 -0.061944 0.012166 0.999855 0.011711 0.061806 -0.012442 0.998015 -2.324205 0.273341 66.755507
0.997957 -0.011131 -0.062837 0.012007 0.999837 0.013576 0.062678 -0.014303 0.997936 -2.409662 0.282842 68.079198
0.997904 -0.012239 -0.063587 0.013196 0.999800 0.014646 0.063404 -0.015455 0.997867 -2.495084 0.297297 69.400778
0.997808 -0.013336 -0.064765 0.014280 0.999801 0.014115 0.064568 -0.015010 0.997802 -2.587679 0.314179 70.854665
0.997746 -0.014746 -0.065442 0.015620 0.999794 0.012861 0.065231 -0.013855 0.997772 -2.671066 0.329536 72.176029
0.997718 -0.014183 -0.066068 0.014939 0.999824 0.010975 0.065900 -0.011937 0.997760 -2.756584 0.339816 73.498706
0.997673 -0.013958 -0.066689 0.014604 0.999847 0.009219 0.066544 -0.010171 0.997735 -2.852159 0.350610 74.956019
0.997655 -0.013508 -0.067131 0.014121 0.999860 0.008655 0.067008 -0.009582 0.997709 -2.944828 0.352878 76.281563
0.997626 -0.012677 -0.067634 0.013040 0.999903 0.004933 0.067565 -0.005803 0.997701 -3.038691 0.357132 77.604171
0.997601 -0.011887 -0.068216 0.012133 0.999921 0.003169 0.068178 -0.003989 0.997662 -3.144307 0.350924 79.059786
0.997589 -0.009909 -0.068727 0.010244 0.999940 0.004531 0.068678 -0.005223 0.997625 -3.244289 0.336785 80.380339
0.997567 -0.009429 -0.069095 0.009920 0.999925 0.006758 0.069029 -0.007426 0.997587 -3.345708 0.322161 81.707072
0.997498 -0.008397 -0.070124 0.008929 0.999936 0.007267 0.070060 -0.007875 0.997517 -3.454123 0.315194 83.154937
0.997424 -0.008677 -0.071233 0.009104 0.999937 0.005689 0.071179 -0.006323 0.997445 -3.547670 0.319363 84.470480
0.997346 -0.006962 -0.072519 0.007394 0.999960 0.005695 0.072477 -0.006217 0.997350 -3.655724 0.319542 85.908119
0.997280 -0.006253 -0.073486 0.006806 0.999950 0.007281 0.073439 -0.007761 0.997273 -3.754407 0.320357 87.224232
0.997194 -0.005376 -0.074661 0.006238 0.999914 0.011311 0.074595 -0.011745 0.997148 -3.855145 0.320513 88.550607
0.997067 -0.006025 -0.076265 0.007098 0.999882 0.013807 0.076178 -0.014307 0.996994 -3.965912 0.327371 89.998431
0.996942 -0.008773 -0.077655 0.009673 0.999885 0.011218 0.077546 -0.011935 0.996920 -4.067946 0.341960 91.314600
0.996811 -0.011323 -0.079014 0.012178 0.999868 0.010354 0.078887 -0.011283 0.996819 -4.172030 0.355990 92.641031
0.996656 -0.010431 -0.081022 0.011408 0.999868 0.011600 0.080887 -0.012486 0.996649 -4.292529 0.368567 94.099744
0.996510 -0.011830 -0.082665 0.012796 0.999850 0.011163 0.082522 -0.012182 0.996517 -4.404727 0.379487 95.427030
0.996407 -0.009858 -0.084106 0.010871 0.999873 0.011587 0.083977 -0.012460 0.996389 -4.520811 0.393240 96.764691
0.996278 -0.009010 -0.085741 0.010127 0.999871 0.012598 0.085612 -0.013419 0.996237 -4.652343 0.404250 98.224515
0.996146 -0.009457 -0.087241 0.010635 0.999859 0.013042 0.087113 -0.013920 0.996104 -4.771152 0.423740 99.562330
0.995997 -0.010829 -0.088766 0.012047 0.999835 0.013192 0.088607 -0.014209 0.995969 -4.896347 0.435074 100.910980
0.995834 -0.012229 -0.090320 0.013530 0.999811 0.013810 0.090131 -0.014974 0.995818 -5.034642 0.451358 102.381412
0.995692 -0.013577 -0.091741 0.014825 0.999801 0.012944 0.091547 -0.014247 0.995703 -5.161558 0.468581 103.730115
0.995557 -0.013520 -0.093209 0.014380 0.999864 0.008570 0.093076 -0.009872 0.995611 -5.288424 0.486902 105.078791
0.995457 -0.012941 -0.094347 0.013450 0.999900 0.004767 0.094270 -0.006015 0.995525 -5.432820 0.501866 106.569946
0.995444 -0.011179 -0.094683 0.011619 0.999919 0.004106 0.094629 -0.005187 0.995501 -5.565265 0.507889 107.929460
0.995415 -0.008477 -0.095311 0.008911 0.999950 0.004133 0.095268 -0.004963 0.995441 -5.712399 0.508057 109.441273
0.995357 -0.007429 -0.095963 0.007858 0.999955 0.004087 0.095927 -0.004822 0.995376 -5.849877 0.513665 110.811338
0.995342 -0.005971 -0.096241 0.006569 0.999958 0.005893 0.096205 -0.006497 0.995347 -5.992473 0.516319 112.181962
0.995349 -0.002604 -0.096320 0.003192 0.999979 0.005953 0.096311 -0.006233 0.995334 -6.151667 0.514912 113.705036
0.995313 -0.000229 -0.096720 0.000780 0.999983 0.005647 0.096724 -0.005697 0.995298 -6.293200 0.519016 115.075528
0.995274 0.001289 -0.097052 -0.000469 0.999958 0.008467 0.097054 -0.008381 0.995245 -6.432967 0.518873 116.455979
0.995262 0.001833 -0.097151 -0.000533 0.999905 0.013399 0.097167 -0.013285 0.995178 -6.588914 0.522370 117.968590
0.995228 0.000787 -0.097518 0.000772 0.999869 0.015933 0.097516 -0.015932 0.995104 -6.727393 0.528571 119.348791
0.995173 -0.000981 -0.098142 0.002568 0.999863 0.016054 0.098120 -0.016230 0.995042 -6.863747 0.536928 120.718691
0.995116 -0.003725 -0.098668 0.005211 0.999873 0.014818 0.098606 -0.015260 0.995007 -7.012417 0.546335 122.220424
0.995037 -0.007720 -0.099159 0.009143 0.999860 0.013892 0.099039 -0.014729 0.994973 -7.149825 0.553442 123.590452
0.994909 -0.011209 -0.100137 0.012484 0.999844 0.012114 0.099991 -0.013302 0.994903 -7.283400 0.557261 124.960170
0.994743 -0.012888 -0.101544 0.013921 0.999862 0.009461 0.101406 -0.010825 0.994791 -7.434343 0.560573 126.462244
0.994710 -0.013348 -0.101837 0.014564 0.999829 0.011207 0.101668 -0.012632 0.994735 -7.571259 0.556746 127.832440
0.994774 -0.008894 -0.101731 0.010728 0.999793 0.017490 0.101556 -0.018490 0.994662 -7.728527 0.552558 129.335281
0.994799 -0.008590 -0.101516 0.010686 0.999736 0.020110 0.101313 -0.021090 0.994629 -7.869798 0.560968 130.685562
0.994711 -0.009078 -0.102329 0.010948 0.999785 0.017725 0.102141 -0.018751 0.994595 -8.004771 0.577022 132.045127
0.994532 -0.013799 -0.103551 0.015488 0.999763 0.015527 0.103315 -0.017045 0.994507 -8.150327 0.588438 133.536465
0.994317 -0.016917 -0.105117 0.018623 0.999704 0.015281 0.104822 -0.017152 0.994343 -8.283420 0.601356 134.885857
0.994060 -0.017418 -0.107382 0.018849 0.999746 0.012337 0.107144 -0.014288 0.994140 -8.422582 0.611623 136.225846
0.993803 -0.020639 -0.109189 0.021701 0.999727 0.008553 0.108983 -0.010869 0.993990 -8.576274 0.618786 137.708014
0.993771 -0.016387 -0.110196 0.017505 0.999807 0.009190 0.110023 -0.011062 0.993865 -8.722916 0.618105 139.048951
0.993676 -0.013216 -0.111471 0.014392 0.999845 0.009745 0.111330 -0.011288 0.993717 -8.865645 0.615833 140.389535
0.993532 -0.010539 -0.113016 0.012079 0.999841 0.012942 0.112866 -0.014223 0.993514 -9.022746 0.613210 141.862180
0.993397 -0.009055 -0.114338 0.010557 0.999867 0.012544 0.114206 -0.013668 0.993360 -9.170348 0.612633 143.193159
0.993266 -0.008104 -0.115569 0.009244 0.999913 0.009328 0.115481 -0.010333 0.993262 -9.339166 0.614539 144.656812
0.993181 -0.006314 -0.116436 0.007372 0.999932 0.008669 0.116370 -0.009468 0.993159 -9.492715 0.614650 145.988359
0.993102 -0.004467 -0.117170 0.005691 0.999927 0.010118 0.117114 -0.010715 0.993062 -9.649387 0.611167 147.310233
0.993005 -0.003694 -0.118003 0.004924 0.999933 0.010138 0.117953 -0.010648 0.992962 -9.822336 0.609226 148.764317
0.992927 -0.004251 -0.118655 0.005543 0.999927 0.010559 0.118602 -0.011142 0.992877 -9.979961 0.606689 150.086265
0.992857 -0.004133 -0.119248 0.005858 0.999885 0.014111 0.119175 -0.014709 0.992765 -10.140452 0.606151 151.398405
0.992788 -0.003662 -0.119802 0.006055 0.999791 0.019614 0.119711 -0.020198 0.992600 -10.311459 0.603115 152.852320
0.992763 -0.004839 -0.120001 0.007308 0.999769 0.020135 0.119869 -0.020866 0.992569 -10.469681 0.608572 154.164120
0.992759 -0.005599 -0.120021 0.007813 0.999804 0.017986 0.119890 -0.018793 0.992613 -10.636572 0.619810 155.466605
0.992738 -0.006370 -0.120162 0.008051 0.999876 0.013502 0.120068 -0.014371 0.992665 -10.811716 0.634448 156.910528
0.992698 -0.007346 -0.120372 0.008661 0.999903 0.010405 0.120281 -0.011371 0.992676 -10.971634 0.645649 158.212332
0.992688 -0.007745 -0.120449 0.009152 0.999893 0.011131 0.120353 -0.012151 0.992660 -11.129879 0.650607 159.524144
0.992686 -0.007758 -0.120455 0.009588 0.999849 0.014621 0.120324 -0.015669 0.992612 -11.308486 0.654259 160.958572
0.992649 -0.007959 -0.120725 0.009964 0.999823 0.016012 0.120582 -0.017097 0.992560 -11.468615 0.662253 162.280558
0.992642 -0.008909 -0.120752 0.010826 0.999824 0.015217 0.120596 -0.016412 0.992569 -11.631624 0.671945 163.592744
0.992636 -0.011673 -0.120533 0.013492 0.999805 0.014282 0.120343 -0.015802 0.992606 -11.809954 0.682976 165.047099
0.992596 -0.012274 -0.120795 0.014001 0.999811 0.013466 0.120608 -0.015058 0.992587 -11.971045 0.691717 166.369165
0.992531 -0.014335 -0.121179 0.015572 0.999832 0.009272 0.121026 -0.011089 0.992587 -12.153451 0.700101 167.813922
0.992489 -0.014484 -0.121449 0.015017 0.999879 0.003473 0.121383 -0.005271 0.992597 -12.318874 0.701988 169.146597
0.992429 -0.011364 -0.122288 0.011585 0.999932 0.001098 0.122270 -0.002506 0.992494 -12.508154 0.691630 170.602445
0.992251 -0.008793 -0.123915 0.009029 0.999955 0.001344 0.123896 -0.002452 0.992297 -12.679303 0.677380 171.935997
0.992105 -0.005460 -0.125287 0.006181 0.999964 0.005362 0.125262 -0.006095 0.992111 -12.854770 0.655933 173.270114
0.991953 -0.003922 -0.126538 0.005128 0.999944 0.009208 0.126504 -0.009784 0.991917 -13.029987 0.639878 174.604100
0.991732 -0.003727 -0.128289 0.005416 0.999897 0.012828 0.128228 -0.013416 0.991655 -13.232354 0.627294 176.071323
0.991418 -0.006905 -0.130542 0.008620 0.999879 0.012577 0.130447 -0.013594 0.991368 -13.418080 0.621057 177.406145
0.991058 -0.009317 -0.133101 0.010831 0.999879 0.010657 0.132992 -0.012003 0.991043 -13.605670 0.617612 178.741095
0.990714 -0.010042 -0.135585 0.011689 0.999862 0.011357 0.135450 -0.012837 0.990700 -13.815781 0.609264 180.198943
0.990459 -0.007496 -0.137584 0.009437 0.999861 0.013465 0.137469 -0.014635 0.990402 -14.008475 0.603163 181.534444
0.990249 -0.005793 -0.139195 0.008102 0.999836 0.016033 0.139084 -0.017004 0.990137 -14.225424 0.598492 183.002939
0.990116 -0.003957 -0.140207 0.006655 0.999800 0.018782 0.140100 -0.019529 0.989941 -14.421735 0.600373 184.338638
0.989929 -0.006355 -0.141417 0.009174 0.999770 0.019291 0.141265 -0.020394 0.989768 -14.617707 0.609645 185.674158
0.989574 -0.011965 -0.143532 0.014377 0.999774 0.015775 0.143308 -0.017673 0.989522 -14.833804 0.623448 187.142206
0.989229 -0.012658 -0.145794 0.014469 0.999830 0.011361 0.145621 -0.013348 0.989247 -15.035864 0.630313 188.478370
0.988839 -0.012299 -0.148452 0.013903 0.999853 0.009774 0.148313 -0.011729 0.988875 -15.240225 0.629839 189.804853
0.988533 -0.006783 -0.150854 0.009415 0.999818 0.016741 0.150713 -0.017970 0.988421 -15.473008 0.628179 191.284888
0.988202 -0.005541 -0.153042 0.008825 0.999746 0.020784 0.152887 -0.021890 0.988003 -15.687203 0.631870 192.632352
