13 0.99983 -0.017977 -0.0031432 0.017981 0.99984 0.0010686 0.0031235 -0.0011249 0.99999 -0.044172 -0.19117 15.65
14 0.99977 -0.021193 -0.0039957 0.021184 0.99977 -0.0022074 0.0040416 0.0021222 0.99999 -0.053895 -0.20557 16.787
15 0.99969 -0.024351 -0.0058069 0.024333 0.9997 -0.0030991 0.0058806 0.0029568 0.99998 -0.055223 -0.22356 18.035
16 0.99963 -0.026523 -0.0054696 0.026497 0.99964 -0.0046359 0.0055905 0.0044893 0.99997 -0.058398 -0.2441 19.169
17 0.99959 -0.028232 -0.0038605 0.028214 0.99959 -0.0048031 0.0039945 0.0046922 0.99998 -0.054144 -0.26845 20.303
18 0.99956 -0.029531 -0.0027769 0.029515 0.99955 -0.0055797 0.0029404 0.0054953 0.99998 -0.064079 -0.28841 21.431
19 0.99951 -0.031038 -0.0031142 0.031019 0.9995 -0.0060448 0.0033003 0.0059453 0.99998 -0.074179 -0.30738 22.669
20 0.99947 -0.032324 -0.0035163 0.0323 0.99946 -0.0066146 0.0037282 0.0064975 0.99997 -0.08873 -0.32462 23.789
21 0.99942 -0.033774 -0.0047779 0.033743 0.99941 -0.0064821 0.004994 0.0063171 0.99997 -0.11085 -0.33971 24.905
22 0.99937 -0.034949 -0.0059162 0.034902 0.99936 -0.0078239 0.0061859 0.0076125 0.99995 -0.12628 -0.35952 26.126
23 0.99933 -0.036051 -0.0063625 0.036005 0.99932 -0.0073115 0.0066217 0.0070775 0.99995 -0.1387 -0.37745 27.23
24 0.99933 -0.036299 -0.0039506 0.036278 0.99933 -0.0052287 0.0041377 0.0050819 0.99998 -0.15328 -0.40002 28.441
25 0.99934 -0.036279 -0.0024801 0.036268 0.99933 -0.0040337 0.0026248 0.0039411 0.99999 -0.1638 -0.42194 29.543
26 0.99933 -0.036458 -0.0030314 0.036449 0.99933 -0.0027796 0.0031307 0.0026673 0.99999 -0.17033 -0.44395 30.651
27 0.99933 -0.036259 -0.0045804 0.036244 0.99934 -0.0031544 0.0046917 0.0029863 0.99998 -0.18926 -0.46346 31.864
28 0.99933 -0.036014 -0.0065453 0.035987 0.99934 -0.0042131 0.0066927 0.0039748 0.99997 -0.20255 -0.48466 32.964
29 0.99935 -0.035279 -0.0071481 0.035241 0.99936 -0.0053645 0.0073328 0.0051091 0.99996 -0.21292 -0.50992 34.068
30 0.99941 -0.033858 -0.0056513 0.03382 0.99941 -0.0067664 0.005877 0.0065713 0.99996 -0.20659 -0.54792 35.284
31 0.99948 -0.031847 -0.0043289 0.031814 0.99947 -0.0074929 0.0045652 0.0073513 0.99996 -0.20869 -0.57762 36.382
32 0.99956 -0.029312 -0.0038369 0.029281 0.99954 -0.0079233 0.0040674 0.0078075 0.99996 -0.19988 -0.60876 37.474
33 0.99965 -0.026077 -0.0037981 0.026046 0.99963 -0.0080124 0.0040056 0.0079107 0.99996 -0.18421 -0.64217 38.673
34 0.99973 -0.02308 -0.003624 0.023045 0.99969 -0.0094786 0.0038416 0.0093925 0.99995 -0.17003 -0.67016 39.755
35 0.9998 -0.019844 -0.0030441 0.019812 0.99975 -0.010292 0.0032476 0.01023 0.99994 -0.15227 -0.70357 40.843
36 0.99987 -0.016226 -0.0024808 0.016194 0.9998 -0.012148 0.0026774 0.012107 0.99992 -0.14045 -0.73219 42.03
37 0.99992 -0.012723 -0.0025716 0.012687 0.99982 -0.013751 0.0027461 0.013717 0.9999 -0.12055 -0.76067 43.108
38 0.99996 -0.0087403 -0.0025828 0.008704 0.99987 -0.013744 0.0027026 0.013721 0.9999 -0.10633 -0.78641 44.178
39 0.99999 -0.0044142 -0.0025282 0.0043783 0.99989 -0.014032 0.0025899 0.014021 0.9999 -0.084282 -0.81484 45.356
40 1 -0.00056125 -0.0029477 0.00052631 0.99993 -0.011842 0.0029541 0.01184 0.99993 -0.063183 -0.83695 46.425
41 0.99998 0.0037974 -0.0042083 -0.0038459 0.99993 -0.011569 0.004164 0.011585 0.99992 -0.030516 -0.86386 47.608
42 0.99996 0.0073071 -0.0050351 -0.007363 0.99991 -0.011176 0.004953 0.011213 0.99992 0.0026471 -0.88771 48.686
43 0.99993 0.010631 -0.0055727 -0.010699 0.99987 -0.012228 0.005442 0.012287 0.99991 0.039553 -0.91277 49.763
44 0.99989 0.013683 -0.0056636 -0.013761 0.99981 -0.013857 0.0054729 0.013933 0.99989 0.081831 -0.94318 50.953
45 0.99986 0.015631 -0.0055437 -0.015708 0.99977 -0.014284 0.0053192 0.01437 0.99988 0.11779 -0.96777 52.034
46 0.99984 0.016865 -0.0057739 -0.01695 0.99974 -0.015047 0.0055187 0.015143 0.99987 0.157 -0.99342 53.118
47 0.99981 0.018095 -0.0071766 -0.0182 0.99972 -0.014945 0.0069041 0.015073 0.99986 0.19147 -1.015 54.303
48 0.99978 0.018872 -0.0086811 -0.018965 0.99976 -0.010716 0.0084768 0.010878 0.9999 0.20833 -1.0338 55.379
49 0.9998 0.019012 -0.0063442 -0.019072 0.99977 -0.0096263 0.0061598 0.0097453 0.99993 0.22879 -1.0576 56.453
50 0.99983 0.018178 -0.0040211 -0.018214 0.99979 -0.0090813 0.0038552 0.0091529 0.99995 0.25227 -1.0847 57.635
