1 -0 -0 0 1 0 0 -0 1 -0 0 0
0.999991 -0.000186 -0.001028 0.000186 1.000001 -0.001787 0.001033 0.001786 1.000001 -0.002401 0.008221 0.917219
0.999995 -0.0013 -0.002014 0.001297 1.000005 -0.002274 0.002015 0.002272 1.000001 -0.009215 0.014562 1.849678
0.999986 -0.00168 -0.003365 0.001679 1.000003 -0.000363 0.003365 0.000357 0.999999 -0.015439 0.011306 2.816705
0.999975 -0.003388 -0.004457 0.003397 0.999997 0.001749 0.004447 -0.001764 0.999987 -0.004199 0.012261 3.779116
0.999977 -0.002325 -0.005692 0.002334 1.000001 0.001547 0.005695 -0.001561 0.999986 -0.01708 0.020521 4.726371
0.999969 -0.002216 -0.006651 0.00221 0.999998 -0.000963 0.006654 0.000948 0.999974 -0.031624 0.042825 5.74005
0.999957 -0.000272 -0.008423 0.000247 0.999998 -0.003186 0.008425 0.003184 0.999959 -0.066079 0.05664 6.960517
0.999943 0.001652 -0.010463 -0.001697 0.999993 -0.004334 0.010456 0.004352 0.999939 -0.080485 0.061653 8.001459
0.999913 0.004458 -0.012382 -0.004491 0.999988 -0.002749 0.012377 0.002804 0.999922 -0.11114 0.059201 9.015401
0.99987 0.005995 -0.014647 -0.006002 0.999985 -0.000509 0.014654 0.000596 0.999896 -0.132762 0.055791 10.079917
0.999822 0.007764 -0.017137 -0.007728 0.999973 0.002196 0.017157 -0.002063 0.999853 -0.150508 0.050568 11.130625
0.999772 0.007383 -0.019847 -0.00731 0.999971 0.003714 0.019878 -0.003568 0.999797 -0.170894 0.049732 12.209533
0.999721 0.006119 -0.022591 -0.006003 0.999974 0.005165 0.022622 -0.005027 0.999736 -0.197677 0.049945 13.303668
0.999663 0.004374 -0.025592 -0.00424 0.999978 0.005259 0.025618 -0.005149 0.999658 -0.228327 0.051002 14.34192
0.999582 0.001843 -0.028685 -0.00176 1.000001 0.002868 0.028692 -0.002816 0.99958 -0.253071 0.052833 15.383499
0.999502 -9.7e-05 -0.031313 0.000128 1 0.000984 0.031316 -0.000987 0.999515 -0.297895 0.052723 16.470903
0.99942 0.000669 -0.033843 -0.000539 0.999992 0.003823 0.033852 -0.003802 0.999423 -0.325308 0.052997 17.563059
0.999338 -0.001648 -0.036191 0.002037 0.999941 0.010717 0.03618 -0.010784 0.999291 -0.355383 0.049828 18.658465
0.999272 -0.001327 -0.038 0.00187 0.999902 0.014263 0.03798 -0.014325 0.999171 -0.390108 0.053049 19.778598
0.999209 -0.004225 -0.039443 0.004752 0.999905 0.013249 0.039385 -0.013427 0.999138 -0.422095 0.060982 20.886968
0.999164 -0.00466 -0.040601 0.004887 0.99998 0.005486 0.040573 -0.00568 0.999164 -0.470855 0.08113 21.975843
0.999149 -0.002488 -0.041091 0.002497 0.999999 0.000153 0.041086 -0.000256 0.999152 -0.519825 0.087519 23.077227
0.999151 -0.001632 -0.041151 0.00164 1.000007 0.000143 0.041154 -0.00021 0.999158 -0.569273 0.084709 24.178706
0.999153 -0.001017 -0.041088 0.001119 0.999998 0.002441 0.041084 -0.002485 0.999155 -0.599561 0.077996 25.298781
0.999197 -0.000389 -0.039941 0.000584 0.999997 0.004829 0.039944 -0.004849 0.99919 -0.647274 0.075851 26.387844
0.999236 -0.000595 -0.03896 0.000787 0.999994 0.004866 0.038961 -0.004893 0.99923 -0.697445 0.07991 27.522355
0.999251 -0.001149 -0.038511 0.001294 0.999992 0.003745 0.038506 -0.003792 0.999248 -0.747152 0.083769 28.656781
0.999263 -0.00175 -0.038086 0.001932 0.999989 0.004759 0.03807 -0.004829 0.999264 -0.78693 0.087562 29.819057
0.999304 -0.002491 -0.037175 0.0027 0.999988 0.005551 0.037165 -0.005647 0.999296 -0.836098 0.087095 30.95335
0.999329 -0.002056 -0.036305 0.002272 0.999984 0.005872 0.036297 -0.005952 0.999321 -0.886585 0.090905 32.120845
0.999355 -0.004327 -0.035624 0.004678 0.999944 0.009747 0.035581 -0.009908 0.999323 -0.920924 0.093379 33.294782
0.999374 -0.007172 -0.034567 0.007723 0.999854 0.015789 0.034451 -0.016046 0.999283 -0.967475 0.097516 34.469923
0.999364 -0.0104 -0.034018 0.011043 0.999762 0.018739 0.033812 -0.019103 0.999247 -1.000384 0.108396 35.655955
0.999304 -0.016433 -0.0333 0.017056 0.999684 0.018491 0.032981 -0.019046 0.999279 -1.033323 0.127218 36.850039
0.999278 -0.018095 -0.033192 0.018656 0.999692 0.016624 0.03288 -0.017232 0.999316 -1.07779 0.148617 38.020786
0.999173 -0.02243 -0.033627 0.022879 0.999662 0.013008 0.033328 -0.013767 0.999354 -1.105526 0.170577 39.239058
0.999146 -0.021892 -0.034821 0.022249 0.999707 0.009869 0.0346 -0.010635 0.999349 -1.146649 0.192154 40.43846
0.999172 -0.019605 -0.035649 0.0198 0.999797 0.005106 0.035542 -0.005808 0.99935 -1.197045 0.205673 41.675796
0.999144 -0.018207 -0.03701 0.018327 0.999828 0.002899 0.036953 -0.003575 0.999313 -1.235471 0.215356 42.899713
0.99915 -0.015774 -0.037845 0.015909 0.999869 0.003228 0.037786 -0.003826 0.999281 -1.286228 0.21642 44.149659
0.999161 -0.012939 -0.038684 0.013063 0.99991 0.002946 0.038647 -0.003449 0.999251 -1.346675 0.21815 45.400472
0.999096 -0.01346 -0.040133 0.013536 0.999912 0.001587 0.040102 -0.002129 0.999196 -1.402531 0.219286 46.679781
0.998988 -0.015368 -0.042165 0.015355 0.999887 -0.000656 0.042177 8e-06 0.999107 -1.454978 0.216621 47.962953
0.99895 -0.014899 -0.043192 0.014761 0.999889 -0.003534 0.043239 0.002893 0.999059 -1.505943 0.214484 49.15529
0.998881 -0.014585 -0.044921 0.01444 0.999898 -0.003559 0.044971 0.002907 0.998985 -1.565843 0.212076 50.422899
0.998843 -0.011024 -0.046679 0.010951 0.999943 -0.001821 0.046695 0.001308 0.998908 -1.629624 0.20747 51.719731
0.998771 -0.008326 -0.048819 0.008323 0.999965 -0.000274 0.048828 -0.000132 0.998803 -1.691596 0.204166 53.03666
0.998704 -0.006186 -0.050321 0.006199 0.999987 6.7e-05 0.050316 -0.000378 0.998738 -1.758154 0.202578 54.337682
0.998583 -0.005093 -0.052918 0.00516 0.999991 0.001099 0.052913 -0.00137 0.9986 -1.82137 0.201688 55.626333
0.998472 -0.005895 -0.054851 0.006045 0.999985 0.002562 0.054837 -0.00289 0.998496 -1.898957 0.211262 56.94494
0.998383 -0.005604 -0.056441 0.005868 0.999976 0.004513 0.056418 -0.004837 0.998397 -1.978462 0.217226 58.272175
0.998226 -0.006312 -0.059068 0.006626 0.999967 0.005113 0.059032 -0.005495 0.99824 -2.026549 0.22375 59.591807
0.998085 -0.007385 -0.06131 0.007736 0.999958 0.005473 0.061266 -0.005936 0.99811 -2.081676 0.229974 60.88345
0.997988 -0.008156 -0.062752 0.008463 0.999957 0.004605 0.062709 -0.005126 0.998023 -2.173513 0.237501 62.211748
0.997792 -0.009174 -0.06564 0.009593 0.999938 0.006058 0.065581 -0.006674 0.997826 -2.236887 0.247949 63.574526
0.997634 -0.009784 -0.067987 0.010276 0.99993 0.006874 0.067916 -0.007557 0.997666 -2.322676 0.25767 64.955554
0.997495 -0.010773 -0.069775 0.011377 0.999902 0.008259 0.069687 -0.009032 0.997529 -2.399625 0.273341 66.311302
0.9974 -0.010685 -0.071222 0.01145 0.999887 0.010338 0.071103 -0.011128 0.997403 -2.494577 0.282842 67.664854
0.997297 -0.011902 -0.072497 0.012725 0.999868 0.010887 0.072354 -0.011781 0.99731 -2.586518 0.297297 69.038373
0.997183 -0.012514 -0.073911 0.013326 0.999859 0.010501 0.073771 -0.011457 0.997211 -2.692957 0.314179 70.413496
0.99711 -0.013957 -0.074638 0.014654 0.999853 0.008794 0.074505 -0.009863 0.99717 -2.78306 0.329536 71.75391
0.997036 -0.013403 -0.075636 0.013948 0.999884 0.006671 0.075543 -0.007706 0.997114 -2.873764 0.339816 73.090373
0.996999 -0.012988 -0.076259 0.013432 0.999903 0.005301 0.07618 -0.00631 0.997074 -2.983672 0.35061 74.44561
0.996957 -0.01298 -0.076753 0.013355 0.999905 0.004363 0.076689 -0.005374 0.997044 -3.082229 0.352878 75.754178
0.996904 -0.011782 -0.077669 0.011882 0.999938 0.000813 0.07766 -0.001734 0.996978 -3.188572 0.357132 77.112959
0.996902 -0.010825 -0.077873 0.010764 0.999942 -0.001205 0.077884 0.000363 0.99696 -3.279188 0.350924 78.375558
0.996838 -0.009134 -0.078895 0.009189 0.999963 0.000322 0.078888 -0.001046 0.996882 -3.381967 0.336785 79.72204
0.996772 -0.009072 -0.079708 0.009285 0.999963 0.002283 0.079687 -0.003016 0.996814 -3.463247 0.322161 80.991597
0.996678 -0.007368 -0.081048 0.007574 0.999972 0.002229 0.081028 -0.002836 0.996711 -3.566565 0.315194 82.329526
0.996573 -0.00815 -0.082301 0.008291 0.999972 0.001355 0.082291 -0.002033 0.996605 -3.66346 0.319363 83.629853
0.996449 -0.006666 -0.083862 0.006809 0.999977 0.001403 0.083852 -0.00197 0.996472 -3.780894 0.319542 84.957199
0.99638 -0.005522 -0.084779 0.005802 0.999985 0.003041 0.084765 -0.003522 0.996391 -3.872759 0.320357 86.149623
0.996289 -0.004107 -0.085917 0.004727 0.999967 0.007007 0.085892 -0.007386 0.996276 -4.002461 0.320513 87.49449
0.996234 -0.004243 -0.086542 0.005052 0.99995 0.009123 0.086504 -0.009526 0.996206 -4.095575 0.327371 88.68273
0.996119 -0.006697 -0.087676 0.007333 0.999952 0.00693 0.087635 -0.007547 0.996125 -4.196614 0.34196 89.888494
0.995954 -0.008758 -0.089431 0.009348 0.999945 0.006177 0.08937 -0.006989 0.995977 -4.306827 0.35599 91.218745
0.995755 -0.008017 -0.091611 0.008653 0.999949 0.006528 0.091556 -0.007294 0.99577 -4.426393 0.368567 92.562236
0.995583 -0.009634 -0.09336 0.010257 0.999934 0.006202 0.093291 -0.007132 0.995614 -4.52998 0.379487 93.838253
0.99544 -0.007051 -0.095048 0.007674 0.999952 0.006167 0.095007 -0.006868 0.995455 -4.658488 0.39324 95.174528
0.995334 -0.006236 -0.096188 0.00695 0.99995 0.007092 0.096138 -0.007728 0.995341 -4.774649 0.40425 96.398365
0.995203 -0.007258 -0.097532 0.008082 0.999943 0.008047 0.097466 -0.008798 0.995197 -4.893606 0.42374 97.638997
0.995032 -0.008388 -0.099174 0.009216 0.999927 0.007897 0.099099 -0.008772 0.995036 -5.021447 0.435074 98.979399
0.994857 -0.00961 -0.100802 0.010555 0.999907 0.008831 0.100708 -0.009849 0.994871 -5.160193 0.451358 100.312774
0.994746 -0.011766 -0.101647 0.012677 0.999887 0.008317 0.101541 -0.009562 0.994787 -5.252747 0.468581 101.529958
0.99458 -0.011425 -0.103258 0.011894 0.999922 0.003923 0.103202 -0.005131 0.994649 -5.386421 0.486902 102.846144
0.994489 -0.010923 -0.104252 0.011009 0.999944 0.000239 0.104245 -0.001386 0.994554 -5.514609 0.501866 104.099936
0.994493 -0.008788 -0.104397 0.008751 0.999963 -0.000805 0.104401 -0.000113 0.99454 -5.666268 0.507889 105.426505
0.994457 -0.007128 -0.104886 0.007133 0.999982 -0.000324 0.104891 -0.000427 0.99448 -5.769889 0.508057 106.641112
0.994363 -0.006065 -0.105794 0.00603 0.999982 -0.000659 0.105798 1.8e-05 0.994388 -5.912239 0.513665 107.999622
0.994364 -0.004483 -0.105876 0.004651 0.999997 0.001327 0.105866 -0.001813 0.994376 -6.031592 0.516319 109.298258
0.994318 -0.001077 -0.106387 0.001221 1.000007 0.00127 0.106393 -0.001393 0.994319 -6.181929 0.514912 110.641117
0.994312 0.000392 -0.106449 -0.000291 1.000002 0.000964 0.106445 -0.000928 0.994321 -6.319241 0.519016 111.994834
0.994261 0.002203 -0.106936 -0.001787 0.999994 0.003983 0.106943 -0.003769 0.994259 -6.475666 0.518873 113.305614
0.994281 0.002721 -0.10675 -0.001869 0.999966 0.008078 0.106772 -0.007831 0.994257 -6.593578 0.52237 114.649116
0.99428 0.002071 -0.106745 -0.000875 0.999941 0.011244 0.106762 -0.011086 0.994222 -6.724155 0.528571 115.899252
0.994192 0.000278 -0.107542 0.000952 0.999942 0.011381 0.107538 -0.011418 0.994139 -6.846358 0.536928 117.214281
0.994103 -0.002822 -0.108338 0.004046 0.999939 0.011075 0.108298 -0.011449 0.994056 -6.986633 0.546335 118.543656
0.994106 -0.00645 -0.108188 0.007548 0.999931 0.009746 0.108115 -0.010506 0.994088 -7.109123 0.553442 119.809378
0.994074 -0.009643 -0.108246 0.010578 0.999916 0.008052 0.108167 -0.009149 0.994088 -7.234666 0.557261 121.071221
0.993846 -0.011233 -0.110138 0.011862 0.999925 0.005061 0.110074 -0.006337 0.9939 -7.363612 0.560573 122.399315
0.993886 -0.012135 -0.109715 0.012976 0.999891 0.006936 0.109625 -0.008317 0.993939 -7.52243 0.556746 123.6691
0.993831 -0.008356 -0.110574 0.009786 0.999883 0.012391 0.11046 -0.013397 0.993795 -7.646377 0.552558 125.054295
0.993905 -0.007224 -0.109976 0.008918 0.999852 0.014911 0.109857 -0.015802 0.993823 -7.795855 0.560968 126.363816
0.993864 -0.006798 -0.110303 0.008263 0.999887 0.012826 0.110206 -0.013659 0.993818 -7.937443 0.577022 127.643679
0.993713 -0.011918 -0.111256 0.013155 0.999869 0.010378 0.111117 -0.011777 0.993734 -8.073756 0.588438 128.93553
0.993574 -0.01389 -0.112294 0.015119 0.999835 0.010095 0.112137 -0.011729 0.993625 -8.214372 0.601356 130.256443
0.993183 -0.015859 -0.115475 0.016801 0.999835 0.007182 0.11535 -0.009073 0.993285 -8.340922 0.611623 131.547379
0.993037 -0.018278 -0.116356 0.018846 0.999824 0.003772 0.116268 -0.005939 0.993203 -8.490112 0.618786 132.840649
0.992984 -0.013787 -0.117433 0.014308 0.999899 0.003596 0.117371 -0.005251 0.993076 -8.644121 0.618105 134.101448
0.992838 -0.010983 -0.118949 0.011643 0.999929 0.004854 0.118888 -0.006204 0.992893 -8.783357 0.615833 135.414302
0.992685 -0.007964 -0.120403 0.008987 0.999936 0.00794 0.120336 -0.008965 0.992697 -8.945567 0.61321 136.696492
0.992567 -0.006634 -0.121458 0.007639 0.999943 0.007799 0.121401 -0.008669 0.992566 -9.098898 0.612633 137.973566
0.992418 -0.005563 -0.122726 0.006213 0.999976 0.004904 0.122692 -0.005629 0.992433 -9.255971 0.614539 139.20184
0.992369 -0.003853 -0.123166 0.004363 0.999991 0.003864 0.123147 -0.004371 0.992378 -9.413409 0.61465 140.454663
0.992262 -0.002419 -0.124103 0.00311 0.999984 0.005363 0.124088 -0.005707 0.992252 -9.572231 0.611167 141.699704
0.992211 -0.000667 -0.124498 0.001321 0.999987 0.005166 0.124502 -0.00529 0.992206 -9.712288 0.609226 142.967286
0.992105 -0.001216 -0.125402 0.00192 0.999988 0.005494 0.125395 -0.005691 0.99209 -9.863212 0.606689 144.207195
0.992002 -0.001951 -0.12618 0.003199 0.999951 0.009686 0.126154 -0.010013 0.991963 -10.002504 0.606151 145.482964
0.991975 -0.001847 -0.126416 0.00371 0.999889 0.01449 0.126377 -0.014844 0.991869 -10.149067 0.603115 146.685306
0.991979 -0.00351 -0.126342 0.005554 0.999865 0.015827 0.126269 -0.016401 0.991864 -10.299415 0.608572 147.920496
0.991972 -0.003646 -0.126328 0.005379 0.9999 0.013374 0.126273 -0.013947 0.991893 -10.45902 0.61981 149.148677
0.99194 -0.004588 -0.126621 0.005821 0.999942 0.009358 0.126569 -0.01002 0.991905 -10.60229 0.634448 150.37927
0.991954 -0.00528 -0.126447 0.006069 0.999972 0.005846 0.126412 -0.006566 0.991959 -10.766634 0.645649 151.599675
0.991948 -0.006312 -0.126439 0.0072 0.999961 0.006556 0.126399 -0.007415 0.991953 -10.909018 0.650607 152.842718
0.991957 -0.006329 -0.126392 0.007585 0.99993 0.009462 0.12633 -0.010345 0.991939 -11.066962 0.654259 154.091529
0.991905 -0.005761 -0.126844 0.007204 0.999915 0.010912 0.126766 -0.011737 0.991865 -11.236007 0.662253 155.427871
0.991871 -0.007252 -0.127031 0.008633 0.999911 0.010315 0.126951 -0.011328 0.991846 -11.391815 0.671945 156.697003
0.991898 -0.008904 -0.126662 0.010237 0.9999 0.009872 0.126564 -0.011088 0.991898 -11.534632 0.682976 157.931644
0.991809 -0.010382 -0.127239 0.011583 0.999901 0.008699 0.127138 -0.010102 0.99183 -11.687727 0.691717 159.188158
0.991738 -0.012145 -0.127647 0.012976 0.999907 0.005679 0.12756 -0.007289 0.991803 -11.843028 0.700101 160.465644
0.991691 -0.013081 -0.127923 0.013148 0.999917 -0.000327 0.127923 -0.001357 0.991783 -11.998962 0.701988 161.734857
0.991679 -0.008813 -0.128438 0.008572 0.999969 -0.002435 0.12845 0.001315 0.991718 -12.161268 0.69163 162.984332
0.991475 -0.006199 -0.130131 0.00577 0.999977 -0.003678 0.130147 0.002895 0.991493 -12.322992 0.67738 164.23777
0.991251 -0.003469 -0.131881 0.003612 1.000001 0.000834 0.131883 -0.001303 0.991268 -12.488919 0.655933 165.533014
0.991052 -0.001574 -0.133399 0.002144 0.999994 0.004122 0.133391 -0.004372 0.991054 -12.660671 0.639878 166.80382
0.99088 -0.001714 -0.134727 0.002792 0.999968 0.007814 0.134712 -0.00812 0.990853 -12.836918 0.627294 168.11228
0.990567 -0.004268 -0.136898 0.005325 0.999958 0.007356 0.136864 -0.008015 0.990561 -12.998074 0.621057 169.365347
0.990186 -0.006681 -0.139573 0.007636 0.999957 0.006308 0.13953 -0.007313 0.990192 -13.159387 0.617612 170.622859
0.989853 -0.007248 -0.141908 0.008239 0.999954 0.006392 0.141854 -0.007497 0.989855 -13.339814 0.609264 171.886275
0.989505 -0.00551 -0.144354 0.006697 0.999951 0.007733 0.144304 -0.008618 0.989494 -13.52273 0.603163 173.166505
0.989289 -0.004667 -0.145855 0.006341 0.999921 0.011015 0.145791 -0.011821 0.989248 -13.701452 0.598492 174.409277
0.989126 -0.001506 -0.147046 0.003478 0.999909 0.013146 0.147022 -0.013515 0.989045 -13.89587 0.600373 175.690465
0.988893 -0.003849 -0.14857 0.005937 0.999898 0.013606 0.148504 -0.014338 0.988809 -14.073642 0.609645 176.936959
0.988565 -0.010071 -0.150457 0.011918 0.999867 0.011377 0.150315 -0.013039 0.988554 -14.252319 0.623448 178.262194
0.988229 -0.009662 -0.152633 0.01068 0.999929 0.005841 0.152566 -0.007403 0.988266 -14.449796 0.630313 179.510635
0.98777 -0.010063 -0.155581 0.011089 0.999925 0.005725 0.155521 -0.00738 0.987805 -14.636433 0.629839 180.795453
0.987404 -0.005821 -0.158075 0.007541 0.999927 0.010276 0.158003 -0.011339 0.987373 -14.843981 0.628179 182.069976
0.987091 -0.003863 -0.160106 0.006424 0.999861 0.015479 0.160029 -0.016307 0.986981 -15.045712 0.63187 183.3646
