13 0.99983 0.0012019 -0.018222 -0.001257 0.99999 -0.0030166 0.018218 0.003039 0.99983 3.672 1.7 8.9799
14 0.99978 -0.0019862 -0.021087 0.0019007 0.99999 -0.0040723 0.021095 0.0040313 0.99977 3.6767 1.7 9.2633
15 0.9997 -0.0028521 -0.024494 0.0027011 0.99998 -0.0061987 0.024511 0.0061306 0.99968 3.689 1.7 9.5435
16 0.99963 -0.0045642 -0.026943 0.0044022 0.99997 -0.0060668 0.02697 0.0059459 0.99962 3.6849 1.7 9.8629
17 0.99957 -0.0047395 -0.028857 0.004621 0.99998 -0.0041718 0.028876 0.0040367 0.99957 3.6758 1.7 10.199
18 0.99953 -0.0058344 -0.030001 0.0057329 0.99998 -0.0034691 0.030021 0.0032955 0.99954 3.6628 1.7 10.535
19 0.99949 -0.0062796 -0.03126 0.0061712 0.99997 -0.0035638 0.031281 0.0033691 0.9995 3.6464 1.7 10.866
20 0.99945 -0.0065754 -0.032542 0.0064355 0.99997 -0.0044019 0.03257 0.0041901 0.99946 3.6343 1.7 11.193
21 0.99943 -0.0060631 -0.033237 0.0058907 0.99997 -0.0052818 0.033268 0.005083 0.99943 3.6129 1.7 11.55
22 0.99939 -0.0073394 -0.034164 0.0071132 0.99995 -0.0067395 0.034212 0.0064924 0.99939 3.589 1.7 11.925
23 0.99935 -0.0065896 -0.035382 0.0063233 0.99995 -0.0076321 0.03543 0.0074035 0.99934 3.5619 1.7 12.3
24 0.99936 -0.004327 -0.035452 0.0041353 0.99998 -0.00548 0.035475 0.0053299 0.99936 3.531 1.7 12.668
25 0.99937 -0.0032228 -0.035245 0.0030741 0.99999 -0.0042725 0.035258 0.0041614 0.99937 3.5032 1.7 13.031
26 0.99937 -0.0018855 -0.035527 0.0017433 0.99999 -0.0040341 0.035534 0.0039696 0.99936 3.4735 1.7 13.415
27 0.99938 -0.0020766 -0.035169 0.0018833 0.99998 -0.0055277 0.03518 0.005458 0.99937 3.4134 1.7 13.827
28 0.99939 -0.0030832 -0.034806 0.002831 0.99997 -0.0072915 0.034827 0.0071885 0.99937 3.353 1.7 14.225
29 0.99941 -0.0045161 -0.034117 0.0042498 0.99996 -0.0078762 0.034151 0.0077265 0.99939 3.2906 1.7 14.613
30 0.99944 -0.0060704 -0.032789 0.0058525 0.99996 -0.0067349 0.032829 0.0065392 0.99944 3.2324 1.7 15.002
31 0.99949 -0.0066773 -0.031101 0.0064918 0.99996 -0.0060638 0.031141 0.0058588 0.9995 3.1277 1.7 15.42
32 0.99956 -0.0071733 -0.028748 0.0070236 0.99996 -0.0053054 0.028785 0.0051011 0.99957 2.9931 1.7 15.826
33 0.99965 -0.0065652 -0.025783 0.0064347 0.99997 -0.0051398 0.025816 0.0049721 0.99965 2.8553 1.7 16.217
34 0.99972 -0.0080077 -0.022346 0.0078992 0.99996 -0.0049399 0.022384 0.004762 0.99974 2.7383 1.7 16.606
35 0.99977 -0.0092415 -0.019213 0.0091586 0.99995 -0.004401 0.019252 0.004224 0.99981 2.6448 1.7 16.995
36 0.99982 -0.010596 -0.015837 0.010533 0.99994 -0.0040341 0.015878 0.0038666 0.99987 2.5132 1.7 17.451
37 0.99985 -0.012213 -0.012233 0.012164 0.99992 -0.0040888 0.012282 0.0039394 0.99992 2.3674 1.7 17.928
38 0.99989 -0.01215 -0.0081336 0.012118 0.99992 -0.0039683 0.0081812 0.0038693 0.99996 2.207 1.7 18.396
39 0.99991 -0.012657 -0.0038787 0.012642 0.99991 -0.003821 0.0039267 0.0037717 0.99999 2.0409 1.7 18.851
40 0.99994 -0.010594 5.89e-05 0.010594 0.99994 -0.0039648 -1.69e-05 0.0039652 0.99999 1.888 1.7 19.302
41 0.99994 -0.010244 0.0041267 0.010266 0.99993 -0.0051153 -0.004074 0.0051574 0.99998 1.7158 1.7 19.755
42 0.99992 -0.0098953 0.0075558 0.0099436 0.99993 -0.0063817 -0.0074921 0.0064564 0.99995 1.5346 1.7 20.192
43 0.99988 -0.011168 0.010751 0.01124 0.99991 -0.0066847 -0.010675 0.0068048 0.99992 1.3493 1.7 20.622
44 0.99983 -0.012306 0.013777 0.012398 0.9999 -0.0066218 -0.013694 0.0067915 0.99988 1.1661 1.7 21.058
45 0.9998 -0.01267 0.015768 0.012773 0.9999 -0.0063983 -0.015685 0.0065984 0.99986 0.99081 1.7 21.499
46 0.99976 -0.013653 0.017118 0.01377 0.99988 -0.0067093 -0.017024 0.0069434 0.99983 0.82384 1.7 21.899
47 0.99974 -0.013537 0.018438 0.013685 0.99987 -0.0079437 -0.018329 0.008194 0.9998 0.65453 1.7 22.273
48 0.99978 -0.0091472 0.018895 0.0093356 0.99991 -0.0099095 -0.018803 0.010084 0.99977 0.4875 1.7 22.65
49 0.99978 -0.0087026 0.019105 0.0088514 0.99993 -0.007714 -0.019036 0.0078814 0.99979 0.35044 1.7 23.032
50 0.9998 -0.0078522 0.018295 0.0079395 0.99996 -0.0047012 -0.018257 0.0048455 0.99982 0.17852 1.7 23.427
