0.994850 0.000000 -0.101355 0.000000 1.000000 0.000000 0.101355 0.000000 0.994850 2.677710 0.939600 8.410865
0.994850 0.000000 -0.101355 0.000000 1.000000 0.000000 0.101355 0.000000 0.994850 2.565870 0.939600 8.770181
0.994850 0.000000 -0.101355 0.000000 1.000000 0.000000 0.101355 0.000000 0.994850 2.451493 0.939600 9.126700
0.994850 0.000000 -0.101355 0.000000 1.000000 0.000000 0.101355 0.000000 0.994850 2.334979 0.939600 9.480454
0.994850 0.000000 -0.101355 0.000000 1.000000 0.000000 0.101355 0.000000 0.994850 2.216667 0.939600 9.831476
0.994637 0.000000 -0.103428 0.000000 1.000000 0.000000 0.103428 0.000000 0.994637 2.089444 0.939600 10.166261
0.994419 0.000000 -0.105500 0.000000 1.000000 0.000000 0.105500 0.000000 0.994419 1.961093 0.939600 10.498541
0.994197 0.000000 -0.107571 0.000000 1.000000 0.000000 0.107571 0.000000 0.994197 1.831811 0.939600 10.828347
0.993971 0.000000 -0.109643 0.000000 1.000000 0.000000 0.109643 0.000000 0.993971 1.701769 0.939600 11.155704
0.993741 0.000000 -0.111713 0.000000 1.000000 0.000000 0.111713 0.000000 0.993741 1.571118 0.939600 11.480640
0.993741 0.000000 -0.111713 0.000000 1.000000 0.000000 0.111713 0.000000 0.993741 1.462528 0.939600 11.855256
0.993741 0.000000 -0.111713 0.000000 1.000000 0.000000 0.111713 0.000000 0.993741 1.352969 0.939600 12.228673
0.993741 0.000000 -0.111713 0.000000 1.000000 0.000000 0.111713 0.000000 0.993741 1.242559 0.939600 12.600898
0.993741 0.000000 -0.111713 0.000000 1.000000 0.000000 0.111713 0.000000 0.993741 1.131399 0.939600 12.971936
0.993741 0.000000 -0.111713 0.000000 1.000000 0.000000 0.111713 0.000000 0.993741 1.019582 0.939600 13.341794
0.993741 0.000000 -0.111713 0.000000 1.000000 0.000000 0.111713 0.000000 0.993741 0.936703 0.939600 13.710920
0.993741 0.000000 -0.111713 0.000000 1.000000 0.000000 0.111713 0.000000 0.993741 0.853826 0.939600 14.077088
0.993741 0.000000 -0.111713 0.000000 1.000000 0.000000 0.111713 0.000000 0.993741 0.771004 0.939600 14.440333
0.993741 0.000000 -0.111713 0.000000 1.000000 0.000000 0.111713 0.000000 0.993741 0.688283 0.939600 14.800691
0.993741 0.000000 -0.111713 0.000000 1.000000 0.000000 0.111713 0.000000 0.993741 0.605703 0.939600 15.158194
0.993741 0.000000 -0.111713 0.000000 1.000000 0.000000 0.111713 0.000000 0.993741 0.506938 0.939600 15.432530
0.993741 0.000000 -0.111713 0.000000 1.000000 0.000000 0.111713 0.000000 0.993741 0.408980 0.939600 15.703298
0.993741 0.000000 -0.111713 0.000000 1.000000 0.000000 0.111713 0.000000 0.993741 0.311844 0.939600 15.970568
0.993741 0.000000 -0.111713 0.000000 1.000000 0.000000 0.111713 0.000000 0.993741 0.215540 0.939600 16.234406
0.993741 0.000000 -0.111713 0.000000 1.000000 0.000000 0.111713 0.000000 0.993741 0.120076 0.939600 16.494879
0.993741 0.000000 -0.111713 0.000000 1.000000 0.000000 0.111713 0.000000 0.993741 0.042697 0.939600 16.245795
0.993741 0.000000 -0.111713 0.000000 1.000000 0.000000 0.111713 0.000000 0.993741 -0.029086 0.939600 16.015466
0.993741 0.000000 -0.111713 0.000000 1.000000 0.000000 0.111713 0.000000 0.993741 -0.111267 0.939600 16.971577
0.993741 0.000000 -0.111713 0.000000 1.000000 0.000000 0.111713 0.000000 0.993741 -0.201565 0.939600 18.019126
0.993741 0.000000 -0.111713 0.000000 1.000000 0.000000 0.111713 0.000000 0.993741 -0.301188 0.939600 19.171888
0.993741 0.000000 -0.111713 0.000000 1.000000 0.000000 0.111713 0.000000 0.993741 -0.353601 0.939600 19.194042
0.993741 0.000000 -0.111713 0.000000 1.000000 0.000000 0.111713 0.000000 0.993741 -0.404368 0.939600 19.215452
0.993741 0.000000 -0.111713 0.000000 1.000000 0.000000 0.111713 0.000000 0.993741 -0.453565 0.939600 19.236154
0.993741 0.000000 -0.111713 0.000000 1.000000 0.000000 0.111713 0.000000 0.993741 -0.501265 0.939600 19.256184
0.993741 0.000000 -0.111713 0.000000 1.000000 0.000000 0.111713 0.000000 0.993741 -0.547535 0.939600 19.275573
0.994372 0.000000 -0.105941 0.000000 1.000000 0.000000 0.105941 0.000000 0.994372 -0.568509 0.939600 19.549463
0.994971 0.000000 -0.100166 0.000000 1.000000 0.000000 0.100166 0.000000 0.994971 -0.589541 0.939600 19.824058
0.995535 0.000000 -0.094388 0.000000 1.000000 0.000000 0.094388 0.000000 0.995535 -0.610631 0.939600 20.099358
0.996067 0.000000 -0.088606 0.000000 1.000000 0.000000 0.088606 0.000000 0.996067 -0.631779 0.939600 20.375367
0.996564 0.000000 -0.082822 0.000000 1.000000 0.000000 0.082822 0.000000 0.996564 -0.652985 0.939600 20.652086
0.996955 0.000000 -0.077978 0.000000 1.000000 0.000000 0.077978 0.000000 0.996955 -0.635351 0.939600 20.937535
0.997322 0.000000 -0.073133 0.000000 1.000000 0.000000 0.073133 0.000000 0.997322 -0.622215 0.939600 21.223904
0.997666 0.000000 -0.068286 0.000000 1.000000 0.000000 0.068286 0.000000 0.997666 -0.609080 0.939600 21.511198
0.997986 0.000000 -0.063437 0.000000 1.000000 0.000000 0.063437 0.000000 0.997986 -0.595900 0.939600 21.799419
0.998282 0.000000 -0.058587 0.000000 1.000000 0.000000 0.058587 0.000000 0.998282 -0.582677 0.939600 22.088574
0.998282 0.000000 -0.058587 0.000000 1.000000 0.000000 0.058587 0.000000 0.998282 -0.577210 0.939600 22.425863
0.998282 0.000000 -0.058587 0.000000 1.000000 0.000000 0.058587 0.000000 0.998282 -0.571695 0.939600 22.766151
0.998282 0.000000 -0.058587 0.000000 1.000000 0.000000 0.058587 0.000000 0.998282 -0.566130 0.939600 23.109477
0.998282 0.000000 -0.058587 0.000000 1.000000 0.000000 0.058587 0.000000 0.998282 -0.560514 0.939600 23.455883
0.998282 0.000000 -0.058587 0.000000 1.000000 0.000000 0.058587 0.000000 0.998282 -0.554847 0.939600 23.805410
0.998282 0.000000 -0.058587 0.000000 1.000000 0.000000 0.058587 0.000000 0.998282 -0.560798 0.939600 24.040347
0.998282 0.000000 -0.058587 0.000000 1.000000 0.000000 0.058587 0.000000 0.998282 -0.566723 0.939600 24.274233
0.998282 0.000000 -0.058587 0.000000 1.000000 0.000000 0.058587 0.000000 0.998282 -0.572622 0.939600 24.507075
0.998282 0.000000 -0.058587 0.000000 1.000000 0.000000 0.058587 0.000000 0.998282 -0.578495 0.939600 24.738879
0.998282 0.000000 -0.058587 0.000000 1.000000 0.000000 0.058587 0.000000 0.998282 -0.584343 0.939600 24.969653
0.998587 0.000000 -0.053149 0.000000 1.000000 0.000000 0.053149 0.000000 0.998587 -0.612651 0.939600 26.069166
0.998861 0.000000 -0.047709 0.000000 1.000000 0.000000 0.047709 0.000000 0.998861 -0.642925 0.939600 27.244781
0.999106 0.000000 -0.042267 0.000000 1.000000 0.000000 0.042267 0.000000 0.999106 -0.595285 0.939600 26.469387
0.999322 0.000000 -0.036824 0.000000 1.000000 0.000000 0.036824 0.000000 0.999322 -0.551643 0.939600 25.759199
0.999508 0.000000 -0.031381 0.000000 1.000000 0.000000 0.031381 0.000000 0.999508 -0.511516 0.939600 25.106330
0.999664 0.000000 -0.025936 0.000000 1.000000 0.000000 0.025936 0.000000 0.999664 -0.508592 0.939600 25.315362
0.999790 0.000000 -0.020490 0.000000 1.000000 0.000000 0.020490 0.000000 0.999790 -0.505693 0.939600 25.522759
0.999887 0.000000 -0.015044 0.000000 1.000000 0.000000 0.015044 0.000000 0.999887 -0.502820 0.939600 25.728542
0.999954 0.000000 -0.009598 0.000000 1.000000 0.000000 0.009598 0.000000 0.999954 -0.499971 0.939600 25.932730
0.999991 0.000000 -0.004151 0.000000 1.000000 0.000000 0.004151 0.000000 0.999991 -0.497146 0.939600 26.135341
0.999991 0.000000 -0.004151 0.000000 1.000000 0.000000 0.004151 0.000000 0.999991 -0.493150 0.939600 26.581703
0.999991 0.000000 -0.004151 0.000000 1.000000 0.000000 0.004151 0.000000 0.999991 -0.489113 0.939600 27.032550
0.999991 0.000000 -0.004151 0.000000 1.000000 0.000000 0.004151 0.000000 0.999991 -0.485036 0.939600 27.487952
0.999991 0.000000 -0.004151 0.000000 1.000000 0.000000 0.004151 0.000000 0.999991 -0.480916 0.939600 27.947976
0.999991 0.000000 -0.004151 0.000000 1.000000 0.000000 0.004151 0.000000 0.999991 -0.476755 0.939600 28.412695
0.999991 0.000000 -0.004151 0.000000 1.000000 0.000000 0.004151 0.000000 0.999991 -0.441721 0.939600 28.168313
0.999991 0.000000 -0.004151 0.000000 1.000000 0.000000 0.004151 0.000000 0.999991 -0.408090 0.939600 27.933722
0.999991 0.000000 -0.004151 0.000000 1.000000 0.000000 0.004151 0.000000 0.999991 -0.375779 0.939600 27.708345
0.999991 0.000000 -0.004151 0.000000 1.000000 0.000000 0.004151 0.000000 0.999991 -0.344713 0.939600 27.491651
0.999991 0.000000 -0.004151 0.000000 1.000000 0.000000 0.004151 0.000000 0.999991 -0.314821 0.939600 27.283145
0.999991 0.000000 -0.004151 0.000000 1.000000 0.000000 0.004151 0.000000 0.999991 -0.307402 0.939600 27.589990
0.999991 0.000000 -0.004151 0.000000 1.000000 0.000000 0.004151 0.000000 0.999991 -0.299948 0.939600 27.898250
0.999991 0.000000 -0.004151 0.000000 1.000000 0.000000 0.004151 0.000000 0.999991 -0.292459 0.939600 28.207934
0.999991 0.000000 -0.004151 0.000000 1.000000 0.000000 0.004151 0.000000 0.999991 -0.284936 0.939600 28.519052
0.999991 0.000000 -0.004151 0.000000 1.000000 0.000000 0.004151 0.000000 0.999991 -0.277378 0.939600 28.831615
0.999991 0.000000 -0.004151 0.000000 1.000000 0.000000 0.004151 0.000000 0.999991 -0.293722 0.939600 28.979063
0.999991 0.000000 -0.004151 0.000000 1.000000 0.000000 0.004151 0.000000 0.999991 -0.310016 0.939600 29.126053
0.999991 0.000000 -0.004151 0.000000 1.000000 0.000000 0.004151 0.000000 0.999991 -0.326259 0.939600 29.272590
0.999991 0.000000 -0.004151 0.000000 1.000000 0.000000 0.004151 0.000000 0.999991 -0.342453 0.939600 29.418675
0.999991 0.000000 -0.004151 0.000000 1.000000 0.000000 0.004151 0.000000 0.999991 -0.358596 0.939600 29.564309
0.999991 0.000000 -0.004151 0.000000 1.000000 0.000000 0.004151 0.000000 0.999991 -0.350616 0.939600 30.173486
0.999991 0.000000 -0.004151 0.000000 1.000000 0.000000 0.004151 0.000000 0.999991 -0.342358 0.939600 30.803915
0.999991 0.000000 -0.004151 0.000000 1.000000 0.000000 0.004151 0.000000 0.999991 -0.333806 0.939600 31.456729
0.999991 0.000000 -0.004151 0.000000 1.000000 0.000000 0.004151 0.000000 0.999991 -0.324945 0.939600 32.133139
0.999991 0.000000 -0.004151 0.000000 1.000000 0.000000 0.004151 0.000000 0.999991 -0.315758 0.939600 32.834449
0.999991 0.000000 -0.004151 0.000000 1.000000 0.000000 0.004151 0.000000 0.999991 -0.295715 0.939600 32.720099
0.999991 0.000000 -0.004151 0.000000 1.000000 0.000000 0.004151 0.000000 0.999991 -0.275989 0.939600 32.607568
