0.999244 0.000000 -0.038889 0.000000 1.000000 0.000000 0.038889 0.000000 0.999244 3.023821 0.939600 8.280766
0.999244 0.000000 -0.038889 0.000000 1.000000 0.000000 0.038889 0.000000 0.999244 3.112531 0.939600 8.840751
0.999244 0.000000 -0.038889 0.000000 1.000000 0.000000 0.038889 0.000000 0.999244 3.135919 0.939600 9.169648
0.999244 0.000000 -0.038889 0.000000 1.000000 0.000000 0.038889 0.000000 0.999244 3.181609 0.939600 9.552727
0.999244 0.000000 -0.038889 0.000000 1.000000 0.000000 0.038889 0.000000 0.999244 3.252951 0.939600 10.004119
0.999244 0.000000 -0.038889 0.000000 1.000000 0.000000 0.038889 0.000000 0.999244 3.138720 0.939600 9.992384
0.999244 0.000000 -0.038889 0.000000 1.000000 0.000000 0.038889 0.000000 0.999244 3.160327 0.939600 10.385612
0.999244 0.000000 -0.038889 0.000000 1.000000 0.000000 0.038889 0.000000 0.999244 3.181221 0.939600 10.782233
0.999244 0.000000 -0.038889 0.000000 1.000000 0.000000 0.038889 0.000000 0.999244 3.201469 0.939600 11.182291
0.999244 0.000000 -0.038889 0.000000 1.000000 0.000000 0.038889 0.000000 0.999244 3.221127 0.939600 11.585831
0.999244 0.000000 -0.038889 0.000000 1.000000 0.000000 0.038889 0.000000 0.999244 3.240247 0.939600 11.992898
0.999161 0.000000 -0.040947 0.000000 1.000000 0.000000 0.040947 0.000000 0.999161 3.206526 0.939600 12.301697
0.999075 0.000000 -0.043005 0.000000 1.000000 0.000000 0.043005 0.000000 0.999075 3.172608 0.939600 12.605153
0.998984 0.000000 -0.045064 0.000000 1.000000 0.000000 0.045064 0.000000 0.998984 3.138558 0.939600 12.903403
0.998889 0.000000 -0.047122 0.000000 1.000000 0.000000 0.047122 0.000000 0.998889 3.104430 0.939600 13.196580
0.998790 0.000000 -0.049180 0.000000 1.000000 0.000000 0.049180 0.000000 0.998790 3.070273 0.939600 13.484813
0.998758 0.000000 -0.049823 0.000000 1.000000 0.000000 0.049823 0.000000 0.998758 3.028818 0.939600 13.767084
0.998726 0.000000 -0.050466 0.000000 1.000000 0.000000 0.050466 0.000000 0.998726 2.951426 0.939600 14.042809
0.998693 0.000000 -0.051109 0.000000 1.000000 0.000000 0.051109 0.000000 0.998693 2.892829 0.939600 14.313053
0.998660 0.000000 -0.051752 0.000000 1.000000 0.000000 0.051752 0.000000 0.998660 2.834825 0.939600 14.577703
0.998626 0.000000 -0.052395 0.000000 1.000000 0.000000 0.052395 0.000000 0.998626 2.777439 0.939600 14.836931
0.998269 0.000000 -0.058822 0.000000 1.000000 0.000000 0.058822 0.000000 0.998269 2.706391 0.939600 15.311468
0.997869 0.000000 -0.065246 0.000000 1.000000 0.000000 0.065246 0.000000 0.997869 2.633584 0.939600 15.792451
0.997429 0.000000 -0.071668 0.000000 1.000000 0.000000 0.071668 0.000000 0.997429 2.559030 0.939600 16.280010
0.996947 0.000000 -0.078087 0.000000 1.000000 0.000000 0.078087 0.000000 0.996947 2.482737 0.939600 16.774280
0.996423 0.000000 -0.084503 0.000000 1.000000 0.000000 0.084503 0.000000 0.996423 2.404712 0.939600 17.275397
0.996423 0.000000 -0.084503 0.000000 1.000000 0.000000 0.084503 0.000000 0.996423 2.260106 0.939600 17.710506
0.996423 0.000000 -0.084503 0.000000 1.000000 0.000000 0.084503 0.000000 0.996423 2.114928 0.939600 18.144186
0.996423 0.000000 -0.084503 0.000000 1.000000 0.000000 0.084503 0.000000 0.996423 1.969250 0.939600 18.576444
0.996423 0.000000 -0.084503 0.000000 1.000000 0.000000 0.084503 0.000000 0.996423 1.823139 0.939600 19.007288
0.996423 0.000000 -0.084503 0.000000 1.000000 0.000000 0.084503 0.000000 0.996423 1.676655 0.939600 19.436723
0.995988 0.000000 -0.089491 0.000000 1.000000 0.000000 0.089491 0.000000 0.995988 1.490024 0.939600 19.687588
0.995527 0.000000 -0.094478 0.000000 1.000000 0.000000 0.094478 0.000000 0.995527 1.306552 0.939600 19.933222
0.995041 0.000000 -0.099462 0.000000 1.000000 0.000000 0.099462 0.000000 0.995041 1.126181 0.939600 20.173790
0.994531 0.000000 -0.104444 0.000000 1.000000 0.000000 0.104444 0.000000 0.994531 0.948853 0.939600 20.409448
0.993995 0.000000 -0.109423 0.000000 1.000000 0.000000 0.109423 0.000000 0.993995 0.774511 0.939600 20.640345
0.993446 0.000000 -0.114305 0.000000 1.000000 0.000000 0.114305 0.000000 0.993446 0.607550 0.939600 20.818481
0.992872 0.000000 -0.119185 0.000000 1.000000 0.000000 0.119185 0.000000 0.992872 0.443539 0.939600 20.992995
0.992275 0.000000 -0.124060 0.000000 1.000000 0.000000 0.124060 0.000000 0.992275 0.282409 0.939600 21.163999
0.991653 0.000000 -0.128934 0.000000 1.000000 0.000000 0.128934 0.000000 0.991653 0.158875 0.939600 22.166706
0.991008 0.000000 -0.133804 0.000000 1.000000 0.000000 0.133804 0.000000 0.991008 0.026659 0.939600 23.236909
