1.000000 0.000000 0.000000 0.000000 1.000000 0.000000 -0.000000 0.000000 1.000000 0.000000 0.000000 0.000000
0.999999 -0.000716 -0.002870 0.000715 0.999991 -0.000543 0.002870 0.000541 0.999993 -0.014659 -0.004953 1.560160
0.999976 -0.002090 -0.006527 0.002080 0.999979 -0.001659 0.006529 0.001645 0.999973 -0.021735 0.000546 2.799903
0.999942 -0.005267 -0.009389 0.005241 0.999960 -0.002724 0.009402 0.002675 0.999949 -0.055643 -0.003699 4.391752
0.999908 -0.006108 -0.012790 0.006046 0.999951 -0.004862 0.012818 0.004784 0.999903 -0.067498 -0.011809 6.305422
0.999870 -0.007822 -0.015240 0.007751 0.999940 -0.004738 0.015275 0.004619 0.999870 -0.081671 -0.008913 7.191675
0.999838 -0.008020 -0.017161 0.007972 0.999943 -0.002849 0.017181 0.002712 0.999843 -0.096316 -0.016059 8.002359
0.999803 -0.009123 -0.018307 0.009085 0.999937 -0.002151 0.018325 0.001984 0.999815 -0.124729 -0.011948 8.968531
0.999771 -0.009567 -0.019566 0.009525 0.999931 -0.002249 0.019585 0.002063 0.999783 -0.158834 -0.009737 10.284412
0.999742 -0.009853 -0.020846 0.009791 0.999922 -0.003092 0.020873 0.002887 0.999749 -0.188137 -0.010537 11.683800
0.999734 -0.009331 -0.021538 0.009247 0.999926 -0.003974 0.021572 0.003774 0.999727 -0.239286 -0.017256 13.076581
0.999703 -0.010591 -0.022461 0.010471 0.999906 -0.005435 0.022515 0.005198 0.999693 -0.279374 -0.019819 14.459471
0.999681 -0.009830 -0.023676 0.009683 0.999906 -0.006331 0.023734 0.006100 0.999651 -0.303052 -0.016095 15.579637
0.999695 -0.007592 -0.023754 0.007495 0.999939 -0.004179 0.023781 0.004000 0.999659 -0.316259 -0.019192 15.919902
0.999702 -0.006501 -0.023550 0.006433 0.999958 -0.002971 0.023566 0.002819 0.999673 -0.332858 -0.017333 16.357539
0.999702 -0.005167 -0.023833 0.005103 0.999970 -0.002734 0.023843 0.002612 0.999667 -0.362884 -0.032285 17.591036
0.999714 -0.005340 -0.023471 0.005243 0.999960 -0.004226 0.023489 0.004102 0.999673 -0.404761 -0.034918 18.794639
0.999718 -0.006326 -0.023102 0.006190 0.999944 -0.005989 0.023135 0.005844 0.999679 -0.448516 -0.044905 20.391829
0.999727 -0.007753 -0.022411 0.007608 0.999931 -0.006571 0.022456 0.006399 0.999697 -0.473141 -0.048079 21.524490
0.999741 -0.009321 -0.021087 0.009209 0.999924 -0.005426 0.021132 0.005230 0.999736 -0.495627 -0.058001 22.460049
0.999761 -0.009936 -0.019400 0.009846 0.999921 -0.004749 0.019443 0.004557 0.999776 -0.516645 -0.050911 23.546257
0.999794 -0.010441 -0.017048 0.010374 0.999917 -0.003983 0.017086 0.003805 0.999822 -0.530339 -0.061227 24.444088
0.999850 -0.009834 -0.014083 0.009781 0.999926 -0.003807 0.014117 0.003669 0.999862 -0.552295 -0.068738 25.639271
0.999883 -0.011279 -0.010645 0.011241 0.999919 -0.003596 0.010683 0.003475 0.999903 -0.572533 -0.072219 26.694450
0.999895 -0.012519 -0.007514 0.012496 0.999911 -0.003046 0.007548 0.002952 0.999939 -0.589086 -0.073212 27.842863
0.999896 -0.013877 -0.004140 0.013866 0.999899 -0.002668 0.004172 0.002610 0.999968 -0.596684 -0.078315 28.886997
0.999881 -0.015494 -0.000536 0.015492 0.999881 -0.002711 0.000573 0.002702 0.999983 -0.598777 -0.079501 29.931860
0.999873 -0.015432 0.003563 0.015440 0.999886 -0.002577 -0.003528 0.002631 0.999981 -0.603024 -0.078466 31.059092
0.999835 -0.015940 0.007818 0.015958 0.999877 -0.002415 -0.007783 0.002540 0.999963 -0.600971 -0.078029 32.180944
0.999821 -0.013875 0.011756 0.013905 0.999908 -0.002546 -0.011724 0.002709 0.999927 -0.602205 -0.086210 33.325090
0.999767 -0.013511 0.015827 0.013571 0.999909 -0.003683 -0.015780 0.003897 0.999867 -0.583559 -0.085254 34.411894
0.999710 -0.013146 0.019260 0.013244 0.999904 -0.004938 -0.019197 0.005192 0.999801 -0.567488 -0.084301 35.498738
0.999623 -0.014415 0.022455 0.014536 0.999880 -0.005231 -0.022381 0.005555 0.999732 -0.537876 -0.091569 36.653956
0.999535 -0.015553 0.025481 0.015689 0.999857 -0.005158 -0.025401 0.005555 0.999657 -0.514967 -0.090041 37.690504
0.999481 -0.015919 0.027470 0.016061 0.999853 -0.004928 -0.027391 0.005367 0.999607 -0.487971 -0.091401 38.658901
0.999432 -0.016897 0.028822 0.017057 0.999834 -0.005234 -0.028731 0.005723 0.999571 -0.461690 -0.097532 39.684441
0.999396 -0.016766 0.030146 0.016971 0.999821 -0.006464 -0.030035 0.006972 0.999526 -0.423867 -0.098416 40.963265
0.999448 -0.012355 0.030608 0.012620 0.999869 -0.008428 -0.030505 0.008811 0.999496 -0.395648 -0.101672 42.069908
0.999448 -0.011936 0.030810 0.012136 0.999892 -0.006232 -0.030737 0.006603 0.999506 -0.380602 -0.105859 42.813852
0.999481 -0.011121 0.029991 0.011225 0.999919 -0.003222 -0.029957 0.003558 0.999546 -0.366230 -0.106178 43.537425
0.999468 -0.014036 0.029065 0.014052 0.999890 -0.000297 -0.029061 0.000706 0.999579 -0.337672 -0.109543 44.294217
0.999458 -0.016640 0.028142 0.016626 0.999849 0.000781 -0.028154 -0.000312 0.999604 -0.316713 -0.106479 45.345173
0.999462 -0.018207 0.027220 0.018203 0.999823 0.000444 -0.027226 0.000053 0.999626 -0.293498 -0.106902 46.412863
0.999466 -0.019716 0.025867 0.019761 0.999794 -0.001433 -0.025836 0.001945 0.999667 -0.248850 -0.106603 47.701549
0.999509 -0.017817 0.025390 0.017924 0.999823 -0.003938 -0.025318 0.004392 0.999676 -0.239806 -0.106253 48.973850
0.999583 -0.015568 0.023921 0.015720 0.999847 -0.006107 -0.023825 0.006481 0.999703 -0.220234 -0.103944 50.155877
0.999615 -0.016146 0.022032 0.016290 0.999837 -0.006294 -0.021930 0.006651 0.999751 -0.203979 -0.111222 51.266691
0.999688 -0.015581 0.018742 0.015685 0.999856 -0.005311 -0.018660 0.005605 0.999825 -0.194220 -0.117309 51.885824
0.999757 -0.015242 0.014798 0.015314 0.999865 -0.004665 -0.014728 0.004892 0.999895 -0.180000 -0.119192 52.708135
0.999841 -0.012791 0.010291 0.012843 0.999895 -0.004900 -0.010230 0.005033 0.999955 -0.172255 -0.126775 53.674341
0.999888 -0.011020 0.007046 0.011062 0.999903 -0.005779 -0.006985 0.005857 0.999976 -0.206074 -0.132731 55.073214
0.999927 -0.008452 0.004600 0.008477 0.999922 -0.005350 -0.004558 0.005390 0.999987 -0.211049 -0.135303 55.736063
0.999941 -0.007636 0.003414 0.007656 0.999927 -0.005687 -0.003373 0.005714 0.999988 -0.216854 -0.129947 56.619193
0.999950 -0.006969 0.001836 0.006980 0.999939 -0.005755 -0.001799 0.005769 0.999995 -0.218880 -0.130752 57.524549
0.999925 -0.010174 0.000689 0.010180 0.999905 -0.007597 -0.000615 0.007605 0.999990 -0.228360 -0.130820 58.978406
0.999918 -0.011316 -0.001541 0.011298 0.999855 -0.011930 0.001672 0.011913 0.999944 -0.237323 -0.150693 60.868482
0.999886 -0.013496 -0.003438 0.013446 0.999801 -0.014271 0.003627 0.014224 0.999903 -0.248857 -0.151052 62.159373
0.999869 -0.013883 -0.005782 0.013825 0.999851 -0.009947 0.005916 0.009866 0.999939 -0.248822 -0.153407 62.380447
0.999853 -0.013720 -0.007833 0.013692 0.999890 -0.003627 0.007878 0.003520 0.999968 -0.249906 -0.153886 62.493617
0.999850 -0.012188 -0.009722 0.012190 0.999912 0.000074 0.009718 -0.000192 0.999961 -0.250175 -0.153912 62.505593
0.999845 -0.011042 -0.011759 0.011039 0.999927 -0.000354 0.011760 0.000224 0.999936 -0.265865 -0.151540 63.667458
0.999834 -0.010005 -0.013908 0.009954 0.999937 -0.003735 0.013944 0.003597 0.999898 -0.315409 -0.141861 65.074883
0.999791 -0.008453 -0.017389 0.008357 0.999944 -0.005620 0.017435 0.005474 0.999833 -0.348864 -0.150716 66.454551
0.999720 -0.008169 -0.021142 0.008025 0.999930 -0.006965 0.021196 0.006794 0.999754 -0.376951 -0.145802 67.769800
0.999645 -0.006426 -0.025017 0.006269 0.999945 -0.006393 0.025055 0.006234 0.999677 -0.387603 -0.145483 68.136493
0.999545 -0.005304 -0.029068 0.005128 0.999956 -0.006157 0.029097 0.006005 0.999572 -0.414048 -0.146134 68.882074
0.999395 -0.004074 -0.034109 0.003886 0.999968 -0.005606 0.034129 0.005470 0.999418 -0.448961 -0.163155 70.059625
0.999217 -0.003303 -0.039120 0.003028 0.999960 -0.007118 0.039141 0.006995 0.999226 -0.507509 -0.153088 71.652350
0.999032 -0.001336 -0.043812 0.001063 0.999966 -0.006273 0.043818 0.006220 0.999034 -0.554239 -0.156957 72.626252
0.998859 -0.000386 -0.047778 0.000112 0.999970 -0.005755 0.047778 0.005743 0.998859 -0.575138 -0.158047 73.003684
0.998674 0.000409 -0.051638 -0.000644 0.999980 -0.004549 0.051634 0.004576 0.998681 -0.629614 -0.162359 73.770459
0.998401 0.000462 -0.056711 -0.000765 0.999981 -0.005332 0.056706 0.005366 0.998409 -0.710664 -0.165507 75.175037
0.998075 0.001263 -0.062201 -0.001671 0.999975 -0.006522 0.062190 0.006614 0.998080 -0.795575 -0.169766 76.696719
0.997863 0.002189 -0.065507 -0.002584 0.999983 -0.005968 0.065491 0.006124 0.997874 -0.873608 -0.175032 77.658435
0.997636 0.005107 -0.068699 -0.005434 0.999978 -0.004603 0.068672 0.004965 0.997666 -0.976182 -0.176034 78.972825
0.997420 0.004131 -0.071882 -0.004352 0.999983 -0.002941 0.071866 0.003246 0.997454 -1.018152 -0.178564 79.588352
0.997204 0.005039 -0.074845 -0.005175 0.999982 -0.001636 0.074833 0.002018 0.997245 -1.072132 -0.178813 80.260076
0.997036 0.005410 -0.077007 -0.005529 0.999984 -0.001354 0.076997 0.001776 0.997084 -1.197336 -0.178891 81.795025
0.996873 0.006040 -0.078955 -0.006188 0.999983 -0.001653 0.078941 0.002136 0.996929 -1.302104 -0.176347 82.948129
0.996709 0.005680 -0.080980 -0.005862 0.999982 -0.002024 0.080964 0.002492 0.996767 -1.400471 -0.170342 84.032574
0.996516 0.005886 -0.083300 -0.006090 0.999979 -0.002204 0.083284 0.002704 0.996583 -1.508100 -0.174943 85.214080
0.996305 0.005838 -0.085766 -0.006183 0.999973 -0.003774 0.085740 0.004291 0.996370 -1.615361 -0.176367 86.456037
0.996159 0.005582 -0.087397 -0.005998 0.999969 -0.004513 0.087368 0.005020 0.996227 -1.741213 -0.177879 87.695188
0.995989 0.007621 -0.089131 -0.008048 0.999957 -0.004445 0.089091 0.005144 0.996073 -1.859379 -0.184728 89.013667
0.995848 0.007667 -0.090697 -0.008019 0.999958 -0.003529 0.090661 0.004241 0.995933 -1.927464 -0.181228 89.726981
0.995648 0.009399 -0.092696 -0.009633 0.999944 -0.002107 0.092664 0.002991 0.995757 -1.974047 -0.181513 90.203893
0.995581 0.009141 -0.093435 -0.009143 0.999951 0.000383 0.093434 0.000473 0.995696 -1.974047 -0.181513 90.203893
0.995438 0.011009 -0.094777 -0.011141 0.999928 -0.000902 0.094766 0.001954 0.995573 -2.120662 -0.172893 91.663395
0.995353 0.012336 -0.095531 -0.012985 0.999887 -0.006211 0.095449 0.007424 0.995479 -2.386191 -0.152660 94.207412
0.995243 0.013121 -0.096601 -0.014097 0.999847 -0.009473 0.096472 0.010791 0.995350 -2.601291 -0.163369 96.287260
0.995173 0.012731 -0.097377 -0.013749 0.999845 -0.009846 0.097248 0.011139 0.995276 -2.734018 -0.170319 97.607344
0.995170 0.011201 -0.097587 -0.012342 0.999846 -0.011168 0.097452 0.012320 0.995244 -2.876612 -0.172758 98.877649
0.995097 0.006159 -0.098769 -0.007371 0.999888 -0.011983 0.098683 0.012654 0.995121 -3.002990 -0.186792 100.293374
0.994981 0.002962 -0.100063 -0.004178 0.999914 -0.012015 0.100017 0.012375 0.994988 -3.104750 -0.193329 101.377924
0.994906 -0.000642 -0.100840 -0.000267 0.999956 -0.009069 0.100845 0.009052 0.994936 -3.197440 -0.206619 102.315057
0.994857 0.000548 -0.101302 -0.001372 0.999965 -0.008135 0.101300 0.008235 0.994897 -3.279356 -0.206671 103.076337
0.994777 0.000240 -0.102051 -0.001086 0.999971 -0.008303 0.102050 0.008373 0.994819 -3.396407 -0.207907 104.273566
0.994682 0.001121 -0.102955 -0.001950 0.999972 -0.008019 0.102941 0.008180 0.994727 -3.521098 -0.217327 105.402157
0.994632 0.001090 -0.103379 -0.001932 0.999963 -0.008109 0.103367 0.008268 0.994681 -3.627585 -0.216622 106.397168
0.994519 0.001675 -0.104374 -0.002528 0.999957 -0.008102 0.104365 0.008324 0.994571 -3.769174 -0.220271 107.681394
0.994453 0.000373 -0.105001 -0.001267 0.999953 -0.008512 0.105004 0.008600 0.994499 -3.921722 -0.223750 109.032226
0.994297 0.000060 -0.106518 -0.001131 0.999937 -0.010059 0.106517 0.010125 0.994324 -4.077607 -0.227788 110.594227
0.994182 -0.000235 -0.107629 -0.001057 0.999922 -0.012012 0.107623 0.012059 0.994176 -4.248017 -0.244695 112.145525
0.994128 0.000277 -0.108133 -0.001807 0.999897 -0.014119 0.108114 0.014234 0.994084 -4.417651 -0.243091 113.570672
0.993916 0.001118 -0.110018 -0.002673 0.999897 -0.014051 0.109984 0.014263 0.993878 -4.526586 -0.249887 114.596358
0.993739 0.000989 -0.111572 -0.002168 0.999946 -0.010500 0.111546 0.010678 0.993749 -4.585370 -0.257033 115.185923
0.993680 0.000701 -0.112124 -0.001506 0.999974 -0.007157 0.112104 0.007282 0.993712 -4.631220 -0.258203 115.543176
0.993553 0.000756 -0.113327 -0.001650 0.999966 -0.007857 0.113304 0.007994 0.993567 -4.776435 -0.254687 116.803334
0.993434 -0.002944 -0.114400 0.001836 0.999951 -0.009848 0.114412 0.009575 0.993425 -5.009615 -0.257982 118.688758
0.993244 -0.004949 -0.116039 0.003684 0.999936 -0.011173 0.116073 0.010671 0.993222 -5.188437 -0.266999 120.259577
0.993076 -0.006408 -0.117427 0.004905 0.999911 -0.013148 0.117482 0.012481 0.993036 -5.335730 -0.262726 121.582525
0.992952 -0.004362 -0.118564 0.002924 0.999929 -0.012363 0.118583 0.011930 0.992916 -5.461957 -0.267261 122.589155
0.993011 -0.003787 -0.118143 0.002542 0.999947 -0.010749 0.118149 0.010373 0.992989 -5.583838 -0.267432 123.474510
0.992881 -0.001709 -0.119335 0.000468 0.999952 -0.010483 0.119317 0.010352 0.992851 -5.682797 -0.272817 124.323813
0.992873 -0.002689 -0.119376 0.001349 0.999940 -0.011368 0.119372 0.011126 0.992836 -5.871815 -0.275515 125.796462
0.992743 -0.004336 -0.120352 0.003033 0.999941 -0.011074 0.120367 0.010630 0.992724 -6.020893 -0.290308 127.050987
0.992609 -0.006696 -0.121346 0.005711 0.999954 -0.008520 0.121360 0.007765 0.992631 -6.111230 -0.292680 127.852948
0.992481 -0.005471 -0.122470 0.004662 0.999971 -0.006954 0.122457 0.006332 0.992506 -6.213750 -0.294982 128.618558
0.992355 -0.004234 -0.123547 0.003505 0.999979 -0.006176 0.123527 0.005697 0.992374 -6.275494 -0.296810 129.099293
0.992181 -0.003287 -0.124952 0.002522 0.999973 -0.006342 0.124937 0.005978 0.992197 -6.443997 -0.297295 130.360663
0.991945 -0.003015 -0.126821 0.002228 0.999968 -0.006405 0.126803 0.006071 0.991964 -6.616908 -0.308798 131.745584
0.991804 -0.004025 -0.127960 0.003299 0.999970 -0.005946 0.127940 0.005476 0.991820 -6.807616 -0.318236 133.122753
0.991605 -0.005299 -0.129486 0.004602 0.999972 -0.005740 0.129469 0.005097 0.991623 -6.971237 -0.322538 134.388842
