13 0.99983 0.0012019 -0.018222 -0.001257 0.99999 -0.0030166 0.018218 0.003039 0.99983 -0.0035752 -0.0002934 0.29246
14 0.99978 -0.0019862 -0.021087 0.0019007 0.99999 -0.0040723 0.021095 0.0040313 0.99977 -0.0042849 -0.0003789 0.31396
15 0.9997 -0.0028521 -0.024494 0.0027011 0.99998 -0.0061987 0.024511 0.0061306 0.99968 -0.0046696 -0.0004992 0.33545
16 0.99963 -0.0045642 -0.026943 0.0044022 0.99997 -0.0060668 0.02697 0.0059459 0.99962 -0.0052655 -0.0004574 0.35698
17 0.99957 -0.0047395 -0.028857 0.004621 0.99998 -0.0041718 0.028876 0.0040367 0.99957 -0.0058929 -0.0006709 0.37804
18 0.99953 -0.0058344 -0.030001 0.0057329 0.99998 -0.0034691 0.030021 0.0032955 0.99954 -0.0067728 -0.0006072 0.39945
19 0.99949 -0.0062796 -0.03126 0.0061712 0.99997 -0.0035638 0.031281 0.0033691 0.9995 -0.0075612 -0.0005991 0.42041
20 0.99945 -0.0065754 -0.032542 0.0064355 0.99997 -0.0044019 0.03257 0.0041901 0.99946 -0.0082548 -0.0006391 0.44166
21 0.99943 -0.0060631 -0.033237 0.0058907 0.99997 -0.0052818 0.033268 0.005083 0.99943 -0.0092398 -0.0007628 0.46199
22 0.99939 -0.0073394 -0.034164 0.0071132 0.99995 -0.0067395 0.034212 0.0064924 0.99939 -0.010079 -0.0008275 0.48261
23 0.99935 -0.0065896 -0.035382 0.0063233 0.99995 -0.0076321 0.03543 0.0074035 0.99934 -0.010768 -0.0007852 0.5036
24 0.99936 -0.004327 -0.035452 0.0041353 0.99998 -0.00548 0.035475 0.0053299 0.99936 -0.01177 -0.0009905 0.52342
25 0.99937 -0.0032228 -0.035245 0.0030741 0.99999 -0.0042725 0.035258 0.0041614 0.99937 -0.012828 -0.0009266 0.54474
26 0.99937 -0.0018855 -0.035527 0.0017433 0.99999 -0.0040341 0.035534 0.0039696 0.99936 -0.013576 -0.0012049 0.56547
27 0.99938 -0.0020766 -0.035169 0.0018833 0.99998 -0.0055277 0.03518 0.005458 0.99937 -0.014528 -0.0012756 0.58594
28 0.99939 -0.0030832 -0.034806 0.002831 0.99997 -0.0072915 0.034827 0.0071885 0.99937 -0.015326 -0.0014295 0.60634
29 0.99941 -0.0045161 -0.034117 0.0042498 0.99996 -0.0078762 0.034151 0.0077265 0.99939 -0.016007 -0.0015132 0.6267
30 0.99944 -0.0060704 -0.032789 0.0058525 0.99996 -0.0067349 0.032829 0.0065392 0.99944 -0.016751 -0.0017609 0.6475
31 0.99949 -0.0066773 -0.031101 0.0064918 0.99996 -0.0060638 0.031141 0.0058588 0.9995 -0.017405 -0.001651 0.66858
32 0.99956 -0.0071733 -0.028748 0.0070236 0.99996 -0.0053054 0.028785 0.0051011 0.99957 -0.017952 -0.0019109 0.68885
33 0.99965 -0.0065652 -0.025783 0.0064347 0.99997 -0.0051398 0.025816 0.0049721 0.99965 -0.018564 -0.0020656 0.70919
34 0.99972 -0.0080077 -0.022346 0.0078992 0.99996 -0.0049399 0.022384 0.004762 0.99974 -0.019187 -0.0021587 0.72936
35 0.99977 -0.0092415 -0.019213 0.0091586 0.99995 -0.004401 0.019252 0.004224 0.99981 -0.01971 -0.0022027 0.74939
36 0.99982 -0.010596 -0.015837 0.010533 0.99994 -0.0040341 0.015878 0.0038666 0.99987 -0.020084 -0.0023257 0.76909
37 0.99985 -0.012213 -0.012233 0.012164 0.99992 -0.0040888 0.012282 0.0039394 0.99992 -0.020356 -0.0023755 0.78895
38 0.99989 -0.01215 -0.0081336 0.012118 0.99992 -0.0039683 0.0081812 0.0038693 0.99996 -0.020662 -0.0023844 0.80875
39 0.99991 -0.012657 -0.0038787 0.012642 0.99991 -0.003821 0.0039267 0.0037717 0.99999 -0.020863 -0.0024047 0.82914
40 0.99994 -0.010594 5.89e-05 0.010594 0.99994 -0.0039648 -1.69e-05 0.0039652 0.99999 -0.021115 -0.0025727 0.84884
41 0.99994 -0.010244 0.0041267 0.010266 0.99993 -0.0051153 -0.004074 0.0051574 0.99998 -0.021006 -0.0025838 0.86877
42 0.99992 -0.0098953 0.0075558 0.0099436 0.99993 -0.0063817 -0.0074921 0.0064564 0.99995 -0.020943 -0.002595 0.88909
43 0.99988 -0.011168 0.010751 0.01124 0.99991 -0.0066847 -0.010675 0.0068048 0.99992 -0.020672 -0.002746 0.90856
44 0.99983 -0.012306 0.013777 0.012398 0.9999 -0.0066218 -0.013694 0.0067915 0.99988 -0.020471 -0.0027456 0.92786
45 0.9998 -0.01267 0.015768 0.012773 0.9999 -0.0063983 -0.015685 0.0065984 0.99986 -0.020152 -0.0028023 0.94758
46 0.99976 -0.013653 0.017118 0.01377 0.99988 -0.0067093 -0.017024 0.0069434 0.99983 -0.01988 -0.0029478 0.96713
47 0.99974 -0.013537 0.018438 0.013685 0.99987 -0.0079437 -0.018329 0.008194 0.9998 -0.019533 -0.0029899 0.98654
48 0.99978 -0.0091472 0.018895 0.0093356 0.99991 -0.0099095 -0.018803 0.010084 0.99977 -0.019259 -0.0030774 1.0064
49 0.99978 -0.0087026 0.019105 0.0088514 0.99993 -0.007714 -0.019036 0.0078814 0.99979 -0.019087 -0.0032203 1.0266
50 0.9998 -0.0078522 0.018295 0.0079395 0.99996 -0.0047012 -0.018257 0.0048455 0.99982 -0.018922 -0.0032584 1.0468
