1.000001502461000058e+00 -1.870990299999986117e-04 -1.029756044000001503e-03 1.849118100000005094e-04 9.999924357840000999e-01 -1.786397460000001963e-03 1.031181379999997986e-03 1.786620669999999106e-03 9.999993193800000846e-01 -2.379867100664547364e-03 9.813405920050069856e-03 8.866038482549515320e-01 
9.999992199515324032e-01 -1.300265514886161152e-03 -2.012747071903944231e-03 1.296164963669930136e-03 9.999930166382653418e-01 -2.273968384086097472e-03 2.016051788010320232e-03 2.272409940614419661e-03 1.000003485416961935e+00 -6.803173607097762719e-03 1.812249815784525153e-02 1.477238368348643638e+00 
9.999966226779570810e-01 -1.679746855275562802e-03 -3.366877101847669945e-03 1.679198420894480528e-03 9.999995193548174566e-01 -3.621114997303274616e-04 3.363133564241846743e-03 3.580805964068466390e-04 1.000010739999625864e+00 -1.070146859467699732e-02 2.603323213416012388e-02 2.067885994534209182e+00 
9.999819589445188006e-01 -3.388678206679438757e-03 -4.460510980313058156e-03 3.396457545126720101e-03 9.999937514062703370e-01 1.749709980133952415e-03 4.443837309546234092e-03 -1.762608777323284009e-03 1.000006236086642408e+00 -3.621277451666925218e-04 3.344489090589847224e-02 2.931871813165066065e+00 
9.999752995791795218e-01 -2.325236119123297220e-03 -5.700967905770779054e-03 2.333164068154505028e-03 9.999976173680684699e-01 1.548069290699647304e-03 5.686892197099469373e-03 -1.559156321032151293e-03 1.000000487549979278e+00 -1.241099550675867254e-02 3.888085653334947406e-02 3.795851386572247410e+00 
9.999690821885663938e-01 -2.216840724185509606e-03 -6.654136264051379451e-03 2.209255263109886989e-03 9.999958777511636088e-01 -9.615919432731853938e-04 6.650686275541943700e-03 9.489525161084418764e-04 9.999943370249988472e-01 -2.511966403699304740e-02 4.885665795629362540e-02 4.659781207557916360e+00 
9.999541240351028648e-01 -2.733668295776857729e-04 -8.426347314623975140e-03 2.458641057705621656e-04 9.999890907776418647e-01 -3.184253229918064358e-03 8.420910685117851541e-03 3.185057927176504228e-03 9.999716445035495838e-01 -5.011217971501583102e-02 6.276405561052501858e-02 5.523387757813595478e+00 
9.999352610787921591e-01 1.651678588072269440e-03 -1.046717177310135978e-02 -1.697706166830342724e-03 9.999817193318323305e-01 -4.332354398193181619e-03 1.045241648461585349e-02 4.353737000693133803e-03 9.999501064299697317e-01 -6.237123364174952667e-02 6.958564734802093199e-02 6.387349756653188493e+00 
9.999131416465046884e-01 4.456964392018538182e-03 -1.238704359369471007e-02 -4.492053212556918439e-03 9.999758499286036662e-01 -2.746606764953357128e-03 1.237181303891455447e-02 2.806068473233128569e-03 9.999384278476717292e-01 -8.913953324139992085e-02 7.003204248038781554e-02 7.251012666068954893e+00 
9.998797028889544469e-01 5.994084812728625936e-03 -1.464691728000191116e-02 -6.002384752705680268e-03 9.999688089303639948e-01 -5.064500401819088844e-04 1.465468659039071558e-02 5.982724249617992103e-04 9.999159787629278151e-01 -1.079621316933003228e-01 7.083872662652725138e-02 8.155136803348685959e+00 
9.998330289565081630e-01 7.763753863436586959e-03 -1.712816244938639848e-02 -7.728132565797089272e-03 9.999556305189490901e-01 2.198279535675520466e-03 1.716658208001859906e-02 -2.061371594876070489e-03 9.998790570501918662e-01 -1.225741085254547502e-01 7.991809955079330618e-02 8.999640888653850368e+00 
9.997917945680262486e-01 7.382135790418887199e-03 -1.983607147203086951e-02 -7.311643090445928139e-03 9.999563748114561612e-01 3.716269956460145803e-03 1.989038674865965806e-02 -3.565566179598490641e-03 9.998269749841020015e-01 -1.385140755536638513e-01 9.255812106492636304e-02 9.823155315230128082e+00 
9.997439322980083976e-01 6.118006442103324054e-03 -2.257666710150945874e-02 -6.004561330388910947e-03 9.999605676016636302e-01 5.167528660723230693e-03 2.263704213827985243e-02 -5.024770552821074959e-03 9.997665436207820999e-01 -1.620993571664075261e-01 1.012600565473989744e-01 1.076369023172993344e+01 
9.996862774794957884e-01 4.372645085303434112e-03 -2.557978707484199685e-02 -4.241653079635616420e-03 9.999667604287342249e-01 5.261995584158991358e-03 2.563206626338620370e-02 -5.145891814191856824e-03 9.996961921411294805e-01 -1.711127367944658140e-01 1.015570948642039173e-01 1.106170770083951282e+01 
9.996165550867881500e-01 1.840803977546337511e-03 -2.867124109247408750e-02 -1.761795881726313951e-03 9.999830637175820547e-01 2.870361003603316089e-03 2.870815528811735198e-02 -2.813373734632045823e-03 9.996158533824183179e-01 -1.980473130520604419e-01 1.119162185219515909e-01 1.216852110268680320e+01 
9.995379741319869726e-01 -9.845697291715029345e-05 -3.129914743930446719e-02 1.263068561282955013e-04 9.999870705791351622e-01 9.871172830296412026e-04 3.133226680777519840e-02 -9.848233323446926868e-04 9.995406630449210628e-01 -2.441608593763525403e-01 1.201943245296888951e-01 1.326029716467766129e+01 
9.994512232673912200e-01 6.668159331210886083e-04 -3.382746121630401254e-02 -5.413009115108700225e-04 9.999715600837466578e-01 3.826004908136199090e-03 3.386910255436322709e-02 -3.799007635133980210e-03 9.994590861576559959e-01 -2.662660988864823386e-01 1.275313758762875449e-01 1.412005145050498278e+01 
9.993654989219180607e-01 -1.650236423864238217e-03 -3.617079203726537850e-02 2.035306231949831918e-03 9.999108877932807449e-01 1.072062426175371397e-02 3.620264533876375174e-02 -1.078132268137703409e-02 9.993319969707604722e-01 -2.849434825979468844e-01 1.306563755862409359e-01 1.478425453977992454e+01 
9.992985832635911114e-01 -1.329661265595766077e-03 -3.797277529452686151e-02 1.867955745509050029e-03 9.998645783206061566e-01 1.426609067398652841e-02 3.800989812751797564e-02 -1.432218120290332068e-02 9.992180715279880276e-01 -3.058656359874779573e-01 1.478399055000948759e-01 1.544327338172785069e+01 
9.992362771588119141e-01 -4.228623047139604650e-03 -3.941451708794820041e-02 4.749114418269050064e-03 9.998703881952496486e-01 1.325156657776336254e-02 3.941600445956840171e-02 -1.342507910466823363e-02 9.991745895869995620e-01 -3.416519615724116776e-01 1.542102592008075812e-01 1.665427926391730296e+01 
9.991941665746664203e-01 -4.662794558868935124e-03 -4.057269756021011919e-02 4.883778533172621582e-03 9.999450235242757223e-01 5.488386882887386076e-03 4.060491534507722905e-02 -5.678531410310806715e-03 9.992073613846029767e-01 -4.168198796032190345e-01 1.796883374911589504e-01 1.829300402711883322e+01 
9.991880874917500321e-01 -2.491788275151546501e-03 -4.106584386323991476e-02 2.494071472560567982e-03 9.999695520190958753e-01 1.554916956482375878e-04 4.111514534122628906e-02 -2.538171360394192444e-04 9.992008644775054460e-01 -4.761622316413988698e-01 1.926573434749562774e-01 1.959591373809899295e+01 
9.991933349761081828e-01 -1.636007640551200926e-03 -4.113199737402790934e-02 1.636489084642772911e-03 9.999737836406198399e-01 1.449542161292121105e-04 4.117649560359739475e-02 -2.075552452938057759e-04 9.991986669548253985e-01 -5.219278077677143024e-01 2.006151523900617517e-01 2.059094875253858348e+01 
9.992042741755419177e-01 -1.021092033901438651e-03 -4.106825010073601734e-02 1.114803939274193294e-03 9.999740340728578980e-01 2.443359742624569460e-03 4.110800126415166400e-02 -2.482581341870341261e-03 9.992049160022684617e-01 -5.480370318766734083e-01 2.085043536382992502e-01 2.153368345537035466e+01 
9.992540439217085790e-01 -3.936018398350896435e-04 -3.992493208107619762e-02 5.795337197015669201e-04 9.999684417827444660e-01 4.831286041458309616e-03 3.996493942210892908e-02 -4.847579995094743882e-03 9.992438612322620539e-01 -5.903549525470921377e-01 2.105161778555130203e-01 2.247644408936963600e+01 
9.992936911336375294e-01 -5.989017294200796662e-04 -3.894009890558081805e-02 7.827078685711150955e-04 9.999746286003707851e-01 4.866979180747233596e-03 3.898493604150080061e-02 -4.891732592013443674e-03 9.992825992465249607e-01 -6.352989380735222236e-01 2.190894284883430354e-01 2.346844086397669216e+01 
9.993104749727933500e-01 -1.151802898915062993e-03 -3.848873648487484422e-02 1.291300007997756320e-03 9.999761723524458468e-01 3.745978842199883252e-03 3.853305370784005507e-02 -3.790687471554320381e-03 9.993013599928953772e-01 -6.849038993815380616e-01 2.303799468267808681e-01 2.457353368157108875e+01 
9.993201691168328571e-01 -1.752841015437241971e-03 -3.806497616525066768e-02 1.928874464902140349e-03 9.999647665182279654e-01 4.760366357633612211e-03 3.809465111426466738e-02 -4.828007371849807501e-03 9.993091441258503682e-01 -6.849038993815380616e-01 2.303799468267808681e-01 2.457353368157108875e+01 
9.993510314840911013e-01 -2.495437749126706069e-03 -3.716293219549132720e-02 2.696211132975119638e-03 9.999602064645568555e-01 5.552109198389922930e-03 3.718109311737576028e-02 -5.646187502348594574e-03 9.993406924431361693e-01 -7.282029741478770468e-01 2.435649259837552871e-01 2.554836776464144066e+01 
9.993826734999606831e-01 -2.060606219617450510e-03 -3.628941008992364603e-02 2.267795161421917900e-03 9.999617768319930544e-01 5.873875859971805329e-03 3.631566115918838378e-02 -5.950824554951649262e-03 9.993691754697863194e-01 -7.713977447651102493e-01 2.528101910502298377e-01 2.652325344190807854e+01 
9.993993291929775813e-01 -4.331874044269724486e-03 -3.560470664545234420e-02 4.673634010703241540e-03 9.999213861543391202e-01 9.747943534686824563e-03 3.560337610964586785e-02 -9.907888523210370973e-03 9.993647040240737356e-01 -8.006217854404465983e-01 2.666250390350874411e-01 2.749860259943722696e+01 
9.994265495801488708e-01 -7.177390798027839629e-03 -3.454781479746503459e-02 7.718135431279868688e-03 9.998280439471424197e-01 1.578952567659232253e-02 3.447415685626967208e-02 -1.604682717850874907e-02 9.993334844138181960e-01 -8.401868010309777590e-01 2.834287569078516311e-01 2.847354078488783102e+01 
9.994219186036080727e-01 -1.040572955199609018e-02 -3.399752511461621995e-02 1.103853005249223751e-02 9.997449472073707266e-01 1.873978035056468247e-02 3.383595020799580466e-02 -1.910393946766308221e-02 9.993062838847386331e-01 -8.679044679605043555e-01 3.019892105708395502e-01 2.944886498180490975e+01 
9.993654740527098124e-01 -1.643924004607555042e-02 -3.328518271523057959e-02 1.705132666153228241e-02 9.996567384274946955e-01 1.849143863378875999e-02 3.300035535485040111e-02 -1.904663449015032983e-02 9.993396633658092609e-01 -8.954602221918730454e-01 3.282906730005774043e-01 3.042402044793755067e+01 
9.993365861967948849e-01 -1.810142800530715676e-02 -3.318314552589771843e-02 1.865104392370374800e-02 9.996576678657125292e-01 1.662512088287047829e-02 3.289321003822326395e-02 -1.723192365920818425e-02 9.993849228092781534e-01 -9.334064623240736491e-01 3.473252017227442257e-01 3.139900013029321713e+01 
9.992277651304086739e-01 -2.243513299639146585e-02 -3.361990880247986424e-02 2.287378640863885551e-02 9.996276086423167007e-01 1.300926474336592045e-02 3.333892451163031345e-02 -1.376718517945566510e-02 9.994325045385438200e-01 -9.635162424351032540e-01 3.814214913537452567e-01 3.268979385341614119e+01 
9.991915489590552646e-01 -2.189728320598516298e-02 -3.481177837707815498e-02 2.224389412134373384e-02 9.996812475387705232e-01 9.869677144687073397e-03 3.461419138960486475e-02 -1.063504939654839193e-02 9.994349998636432586e-01 -1.008860239427718852e+00 3.981483061353875419e-01 3.398049503128282112e+01 
9.992115625255928446e-01 -1.960983050459911073e-02 -3.563578375144826893e-02 1.979584377499331999e-02 9.997703959674518748e-01 5.107566412264076192e-03 3.556005639670856144e-02 -5.807299735378470933e-03 9.994433116126628658e-01 -1.062704720396238534e+00 4.212193106479374394e-01 3.527078098567492503e+01 
9.991927600272247911e-01 -1.821148230519877703e-02 -3.699754846053025098e-02 1.832320683829638877e-02 9.998062871060866552e-01 2.900692591864975720e-03 3.697008990514610155e-02 -3.574306068504925007e-03 9.994020567654980924e-01 -1.103054246276826245e+00 4.339106247961941887e-01 3.652520257676938797e+01 
9.991981167074378556e-01 -1.577874726317961274e-02 -3.783215444912935155e-02 1.590455782389339420e-02 9.998402587302991362e-01 3.228932473277427995e-03 3.780358407537097454e-02 -3.825528585106870855e-03 9.993727834096476359e-01 -1.151003328411185578e+00 4.450325817812672557e-01 3.767764046046141146e+01 
9.992006439748500890e-01 -1.294274279686158727e-02 -3.867611939545203409e-02 1.305956898029167652e-02 9.998753343747236455e-01 2.947641793684591116e-03 3.866011159856978102e-02 -3.447232155319934158e-03 9.993464791904289601e-01 -1.182909706988446219e+00 4.549408428010405792e-01 3.832193276572921548e+01 
9.991328913024319913e-01 -1.346375929415134787e-02 -4.012239977263164226e-02 1.353196175327939059e-02 9.998691683552490828e-01 1.589166250579381826e-03 4.011809318767781823e-02 -2.127341665277470741e-03 9.992980906899536775e-01 -1.252336721106994011e+00 4.710819375052074376e-01 3.987378604295834350e+01 
9.990195777423990231e-01 -1.537176725485598500e-02 -4.216193012273840995e-02 1.535170485244974001e-02 9.998462627684898685e-01 -6.534221056493324555e-04 4.218557208691649241e-02 9.781912760848613525e-06 9.992130686034017550e-01 -1.317350448996756462e+00 4.813715146878538298e-01 4.142588911806560503e+01 
9.989834845439163891e-01 -1.490266854337231328e-02 -4.318366466256174513e-02 1.475745624030435493e-02 9.998509190778486211e-01 -3.530738377209672631e-03 4.325256616306040469e-02 2.895286681340028187e-03 9.991576363311711617e-01 -1.385325654598763556e+00 4.920548251589563771e-01 4.297785942511428203e+01 
9.989140380646102102e-01 -1.458841856776726086e-02 -4.491519282771972571e-02 1.443660688571705465e-02 9.998603059655906122e-01 -3.556073529898601000e-03 4.498264700811272637e-02 2.909750929381401709e-03 9.990797289630852784e-01 -1.460466537172546708e+00 4.937231630793790238e-01 4.452952606944971592e+01 
9.988809582069356763e-01 -1.102724628428960324e-02 -4.667119454195768624e-02 1.094777244258233508e-02 9.999139488563615341e-01 -1.817992031693128636e-03 4.670898752560159045e-02 1.310871485940139818e-03 9.990028315143069104e-01 -1.509442562112321529e+00 4.961603567933678405e-01 4.550128040884586511e+01 
9.988073222982044586e-01 -8.329556149086194891e-03 -4.881375625489697834e-02 8.319424564143106104e-03 9.999367160119299047e-01 -2.713048379205619184e-04 4.883929633113228558e-02 -1.292699053649388335e-04 9.988953811215173229e-01 -1.558377827476449040e+00 5.108781065872872729e-01 4.651601401922505374e+01 
9.987475177039363272e-01 -6.189765225240203943e-03 -5.030905996266896163e-02 6.194977051058314643e-03 9.999498285936999631e-01 7.004030937197449052e-05 5.033352780118301173e-02 -3.749954480282924546e-04 9.988200067337205112e-01 -1.614637186001247615e+00 5.225028104240672100e-01 4.758922912506871938e+01 
9.986169526366045490e-01 -5.096355980481880044e-03 -5.291197624359544882e-02 5.157349017055595092e-03 9.999584437218558275e-01 1.102446083987025649e-03 5.292571146737700544e-02 -1.366809324410588316e-03 9.986899487180994628e-01 -1.671175469607515396e+00 5.201348818615740832e-01 4.871388646781973364e+01 
9.985099851745360411e-01 -5.897297566879528691e-03 -5.484537452010325442e-02 6.043244851316809281e-03 9.999542624062990326e-01 2.566035345423495727e-03 5.484916383497857872e-02 -2.886747436465743159e-03 9.985874826226154299e-01 -1.736008394147136036e+00 5.338999116957515723e-01 4.978905108084247644e+01 
9.984204657100546054e-01 -5.605985195626268618e-03 -5.643558644586154499e-02 5.865724254927465534e-03 9.999505305994269566e-01 4.516551799394643088e-03 5.643100944764933152e-02 -4.833647211704609516e-03 9.984959938415088887e-01 -1.802011606134384269e+00 5.403269553322076479e-01 5.086421824880825682e+01 
9.982590616399931172e-01 -6.315160209081337531e-03 -5.906085233754952007e-02 6.623687852174681145e-03 9.999410548241967067e-01 5.116643899080072257e-03 5.904741732568676710e-02 -5.492250529391508665e-03 9.983403668014747545e-01 -1.842202886096197645e+00 5.546134002018856535e-01 5.194058881776829395e+01 
9.981113158635812610e-01 -7.388423572464270297e-03 -6.130561957505461373e-02 7.733221826124609885e-03 9.999281581923622486e-01 5.476533354054053879e-03 6.127792817631558947e-02 -5.932493167847875844e-03 9.982071881883524123e-01 -1.889271024503036411e+00 5.639109659869792068e-01 5.301673417519030096e+01 
9.980113886373356280e-01 -8.159437696997616160e-03 -6.275057363222383278e-02 8.459850770122690974e-03 9.999244262540378791e-01 4.609769655321971707e-03 6.271860913277835237e-02 -5.121708525922369012e-03 9.981311946205099206e-01 -1.965401954455930467e+00 5.792719883950689930e-01 5.409114888519796693e+01 
9.978100762269986879e-01 -9.176960129265859800e-03 -6.564352282676558237e-02 9.590256121900394420e-03 9.999040646459534942e-01 6.063519714825310776e-03 6.558672048039269897e-02 -6.668801085616893158e-03 9.979415797168321722e-01 -2.016687882559893730e+00 5.805056790631788477e-01 5.516715521094015173e+01 
9.976433337671571921e-01 -9.786356216009968120e-03 -6.799119560884742119e-02 1.027313346374227228e-02 9.998926109987438249e-01 6.880742323720883021e-03 6.792036680894433798e-02 -7.551915726574040706e-03 9.977824502546924768e-01 -2.085120564236111917e+00 6.038941113240703373e-01 5.624195803694865958e+01 
9.975059469332649975e-01 -1.077538705523477421e-02 -6.978032311681811595e-02 1.137491531404413204e-02 9.998689743975854860e-01 8.264700216365187743e-03 6.969143058299852311e-02 -9.027506697327002810e-03 9.976514809144402252e-01 -2.147679380553386697e+00 6.130691472235747508e-01 5.731733753988127233e+01 
9.974031145719391978e-01 -1.068741660474550534e-02 -7.122147620011769209e-02 1.144774700425287527e-02 9.998476936461736519e-01 1.034391149556807346e-02 7.111277709675929704e-02 -1.112315554801136634e-02 9.975253904749542544e-01 -2.224926016237569915e+00 6.205862106124808708e-01 5.839177789463839474e+01 
9.973039993409155146e-01 -1.190521279027183243e-02 -7.249844039778431670e-02 1.272229681023868096e-02 9.998330411047563482e-01 1.089221921140690053e-02 7.236142684147062187e-02 -1.177710024400600679e-02 9.974235943984586239e-01 -2.298643682510543407e+00 6.405773619655407147e-01 5.946630141951426651e+01 
9.971989267145046076e-01 -1.251700576937423218e-02 -7.391781093896629407e-02 1.332346257254055262e-02 9.998326909154667819e-01 1.050598850745669555e-02 7.377379461859241705e-02 -1.145401887015928474e-02 9.973253849880086008e-01 -2.383829186218197282e+00 6.571591182706617573e-01 6.054003029181005502e+01 
9.971301729634629574e-01 -1.396062420684013490e-02 -7.464537906452109461e-02 1.465125527053030320e-02 9.998248830936731224e-01 8.798699349535662670e-03 7.450867486549578311e-02 -9.860063491090325163e-03 9.972859681323619219e-01 -2.457864808904635989e+00 6.750973173371683789e-01 6.161456583892936578e+01 
9.970605267523499071e-01 -1.340643300946268122e-02 -7.564419344385242550e-02 1.394421402181159932e-02 9.998465079873615213e-01 6.675046918387645897e-03 7.554486860020499794e-02 -7.702803913147686192e-03 9.972241973618646282e-01 -2.559471351560762997e+00 6.937768393278009871e-01 6.307515103051714789e+01 
9.970147842064499555e-01 -1.299178247469941379e-02 -7.626341315430128220e-02 1.342859951194496672e-02 9.998645051228314262e-01 5.305950369152211653e-03 7.618575023439660976e-02 -6.306227321944545862e-03 9.971851432006166860e-01 -2.680762188459373530e+00 6.976211625665019733e-01 6.453434340741841879e+01 
9.969732709874500332e-01 -1.298349261172569886e-02 -7.676097642485571471e-02 1.335155359466574931e-02 9.998725699765290686e-01 4.367156027421560324e-03 7.669087444171934775e-02 -5.369952332665281491e-03 9.971539118565030391e-01 -2.781635605193001570e+00 7.078849773260114109e-01 6.584101650846233156e+01 
9.969130252027625927e-01 -1.178567255998904523e-02 -7.767800056889477556e-02 1.187899810134483182e-02 9.999047495562347621e-01 8.186851554411798786e-04 7.765975193717895853e-02 -1.729471822096355620e-03 9.970933148726972561e-01 -2.886431100816237105e+00 7.209724361700426964e-01 6.714735883707685105e+01 
9.969102896631631960e-01 -1.082797578832940706e-02 -7.787843116524870157e-02 1.076034141709132294e-02 9.999186173436989122e-01 -1.200531604595523293e-03 7.788812667370229037e-02 3.681117870006792112e-04 9.970730074678673116e-01 -2.993252197779865398e+00 7.212851008106128115e-01 6.859951194898496851e+01 
9.968516061977675813e-01 -9.138495603164873901e-03 -7.890027965943277599e-02 9.185016520746200341e-03 9.999335474751847030e-01 3.274313574492242890e-04 7.889210817182983060e-02 -1.041308150428039720e-03 9.969890747729004410e-01 -3.106821185068692870e+00 7.127473864750324406e-01 7.005112150415995131e+01 
9.967902698767548975e-01 -9.076908087962713353e-03 -7.971599629556319622e-02 9.280554402542731673e-03 9.999366055043928947e-01 2.288260999178703611e-03 7.968800154263844249e-02 -3.010934857108889338e-03 9.969186480951508500e-01 -3.202162216987856524e+00 7.303980970414937213e-01 7.150395409355516563e+01 
9.966965059160926010e-01 -7.372150992012023799e-03 -8.105486934257313814e-02 7.570383398855453846e-03 9.999555274802570670e-01 2.234657820871753520e-03 8.103115321871237620e-02 -2.831358967125376276e-03 9.968117148220234647e-01 -3.305139518351078554e+00 7.400337381608880216e-01 7.280496759891009617e+01 
9.965910227263330423e-01 -8.153886195304584084e-03 -8.231120729045550422e-02 8.286976789926620360e-03 9.999540430584473727e-01 1.360046063545599726e-03 8.229154455220738518e-02 -2.028627413075996012e-03 9.967113098943773952e-01 -3.404535389955155367e+00 7.417183106401040726e-01 7.410629532556876597e+01 
9.964752603852331525e-01 -6.669886425152187631e-03 -8.387040486613936419e-02 6.805836123731884985e-03 9.999650538052077264e-01 1.407709005987280810e-03 8.385461953257802858e-02 -1.965634111700246232e-03 9.965746119314538021e-01 -3.522403878104890307e+00 7.366807321237704986e-01 7.540607258943784075e+01 
9.964045041512088474e-01 -5.525751665624977632e-03 -8.478769337432838504e-02 5.798774656847105816e-03 9.999672625241280421e-01 3.045180365157298258e-03 8.476616447879997684e-02 -3.518592241780576970e-03 9.964841563137859515e-01 -3.609992678600246752e+00 7.474135704818588577e-01 7.651524275699027555e+01 
9.963151367028355576e-01 -4.109936437088861430e-03 -8.592340079219933091e-02 4.723425502025748943e-03 9.999545105062352945e-01 7.010657752067158549e-03 8.589498528838412916e-02 -7.383205649912864300e-03 9.963599813537731276e-01 -3.726240920699649184e+00 7.536481164676444022e-01 7.769123119298309632e+01 
9.962609986211332647e-01 -4.246779128682739816e-03 -8.654399506393725683e-02 5.048698518873689575e-03 9.999353846065143214e-01 9.127669245984511986e-03 8.651157238245929526e-02 -9.521947504560968750e-03 9.962851597056548991e-01 -3.829265818182467918e+00 7.761927847538235836e-01 7.897395378169078128e+01 
9.961459644556511783e-01 -6.700616135481746866e-03 -8.767426871213265804e-02 7.329570744331424283e-03 9.999386240414838145e-01 6.935345787525254956e-03 8.764602916813081512e-02 -7.542747295750771783e-03 9.962018816441000624e-01 -3.858900210409892395e+00 7.792917252291085006e-01 7.931901000249868616e+01 
9.959771148050216016e-01 -8.761886260402126925e-03 -8.942134843842394765e-02 9.344144559053841823e-03 9.999290651819665587e-01 6.181461260126421345e-03 8.938944655747446677e-02 -6.985062387446491772e-03 9.960538275500564476e-01 -3.971209490146735632e+00 7.966539776435563880e-01 8.064175319857409363e+01 
9.957869906578875607e-01 -8.021681778666312976e-03 -9.160487250327191411e-02 8.648599630137341482e-03 9.999398308689629866e-01 6.532380824773077049e-03 9.157306838144177452e-02 -7.290759430644901638e-03 9.958524814208998821e-01 -4.091781125950671338e+00 8.189131566443520471e-01 8.196369836346185878e+01 
9.956100867187390735e-01 -9.637922234929107573e-03 -9.335228958782967879e-02 1.025369214545548795e-02 9.999325096691427106e-01 6.205993745001879558e-03 9.330806129378706182e-02 -7.129557511072741327e-03 9.956885518056914908e-01 -4.206691682525484310e+00 8.353469960030877051e-01 8.334491860826307175e+01 
9.954717395851645501e-01 -7.056520414506343465e-03 -9.504500586079019098e-02 7.669121936328847887e-03 9.999548303632941337e-01 6.170718185372782612e-03 9.501948203306495588e-02 -6.865435149954061782e-03 9.955291350633175274e-01 -4.342637177941393034e+00 8.539640919628131988e-01 8.472419391009067624e+01 
9.953616798394147036e-01 -6.240441115337009258e-03 -9.618023183393105413e-02 6.946667671456791329e-03 9.999461188047287230e-01 7.096152508583648821e-03 9.615637900774839930e-02 -7.725058598584199493e-03 9.954170486132446483e-01 -4.476827734543230797e+00 8.659449669095713453e-01 8.610371544463919236e+01 
9.952215540621788259e-01 -7.262963616097107243e-03 -9.752672843378255851e-02 8.077461142974582883e-03 9.999300848391439178e-01 8.051410206501770708e-03 9.748087957815251836e-02 -8.794625840405807804e-03 9.952781308956472062e-01 -4.612377968639989056e+00 8.770163491051954363e-01 8.748311594538172642e+01 
9.950544776985288387e-01 -8.392678332721600909e-03 -9.917199399916956648e-02 9.211878451879769447e-03 9.999223086845239195e-01 7.900513144490852943e-03 9.911048979915824952e-02 -8.769072548246820489e-03 9.951102061605646698e-01 -4.747218648916244454e+00 8.918530349149462744e-01 8.886254985335953904e+01 
9.948838496846724722e-01 -9.615521756803453376e-03 -1.008038331893473250e-01 1.054964677906115172e-02 9.998959931906843401e-01 8.834986765234838571e-03 1.007161057310672070e-01 -9.846481288010581340e-03 9.949385813485825958e-01 -4.894208287981772543e+00 9.028207571349156080e-01 9.024076908086253468e+01 
9.947766927888843647e-01 -1.177107241682043282e-02 -1.016505292819923911e-01 1.267246552471753065e-02 9.998715483753798372e-01 8.321135212339805798e-03 1.015474306553290351e-01 -9.558591985297980320e-03 9.948610781194918706e-01 -5.001903772358705424e+00 9.183590687838918409e-01 9.162257115857242695e+01 
9.946115476425052560e-01 -1.142977410915082051e-02 -1.032602238809071094e-01 1.188951184920160851e-02 9.999016946247968329e-01 3.927860002163883688e-03 1.032108568079657535e-01 -5.127099370670318637e-03 9.947246482445092353e-01 -5.179874364523167962e+00 9.429621390656754976e-01 9.333226128315175174e+01 
9.945127829996212032e-01 -1.092796122855673596e-02 -1.042590066348147992e-01 1.100455080735435187e-02 9.999155209417022183e-01 2.435975917044874012e-04 1.042490303823285364e-01 -1.382200893188442140e-03 9.946328474138567133e-01 -5.339175771982686669e+00 9.652160178909212629e-01 9.485238996872841710e+01 
9.945235660570347358e-01 -8.792238706501556006e-03 -1.044042965191239319e-01 8.747260877972975329e-03 9.999350537863017641e-01 -8.003464206338133276e-04 1.044058576196178895e-01 -1.093865056694825772e-04 9.946246167107724023e-01 -5.517081437197843385e+00 9.724421601430609519e-01 9.637060666920240237e+01 
9.944902191145521542e-01 -7.133024543749068302e-03 -1.048947562205026496e-01 7.128124808329422933e-03 9.999489479474309439e-01 -3.190864697976191562e-04 1.048954271550346928e-01 -4.224697731204763535e-04 9.945726715776167515e-01 -5.668437882753256218e+00 9.649315075948629028e-01 9.810147804775313318e+01 
9.944032541465864794e-01 -6.070810776110342928e-03 -1.057999524795611435e-01 6.023912548892951246e-03 9.999557800622286274e-01 -6.542703924629369137e-04 1.058050256815848550e-01 2.166840290537477712e-05 9.944716294802531387e-01 -5.810446444138432476e+00 9.740352454846994412e-01 9.942371639485757839e+01 
9.944013084402373304e-01 -4.488965931019352901e-03 -1.058820185249283452e-01 4.645187617606736860e-03 9.999636704407559584e-01 1.332388840291991693e-03 1.058722744658004838e-01 -1.808255349257912887e-03 9.944592183084679515e-01 -5.925699502674512509e+00 9.718107589293265569e-01 1.006471824668644928e+02 
9.943545836250669012e-01 -1.082725071760336482e-03 -1.063974252911381174e-01 1.215739118801675497e-03 9.999833423276968114e-01 1.274805819069690926e-03 1.063944806621430067e-01 -1.389367933475270682e-03 9.943955831806962076e-01 -6.075979377276034654e+00 9.808264843159324453e-01 1.019567649561848128e+02 
9.943470089850540150e-01 3.873925936508173812e-04 -1.064534268781022752e-01 -2.955498746597799188e-04 9.999880404210738094e-01 9.685542991177035306e-04 1.064512731168565651e-01 -9.241418927002100457e-04 9.943873356668179175e-01 -6.226788121483783911e+00 9.984278515141016275e-01 1.034073239674023625e+02 
9.942936238470899690e-01 2.197137169549497754e-03 -1.069475076812972658e-01 -1.791901572404319297e-03 9.999775590427215644e-01 3.986981224329671711e-03 1.069427979284349600e-01 -3.764989442066484383e-03 9.943306246007648230e-01 -6.403874678421418665e+00 9.945323397352947570e-01 1.048550076480247242e+02 
9.943187427276348744e-01 2.714967325781590494e-03 -1.067643925647243780e-01 -1.874351219590453038e-03 9.999482209312293701e-01 8.082126670239216798e-03 1.067687967145317107e-01 -7.827979767506487718e-03 9.943293340847749739e-01 -6.534555139045914451e+00 1.009204673564366717e+00 1.063075523966627287e+02 
9.943255466226409434e-01 2.064486316043433536e-03 -1.067588633508734369e-01 -8.807869145499198915e-04 9.999156048993848023e-01 1.124886340214168931e-02 1.067610683267847527e-01 -1.108216182217257317e-02 9.943008289824353252e-01 -6.689820700464307102e+00 1.018269120372834013e+00 1.077577269172084016e+02 
9.942385495873029555e-01 2.711584649624739808e-04 -1.075582755506689914e-01 9.460069041401440422e-04 9.999175447745169976e-01 1.138678880328542788e-02 1.075349833706991526e-01 -1.141382260982047245e-02 9.942151778658891992e-01 -6.828118741828155258e+00 1.036841294425980164e+00 1.092095296343387361e+02 
9.941416602659259860e-01 -2.828731876374315692e-03 -1.083568409660162213e-01 4.039704985271887379e-03 9.999208167287578775e-01 1.108094015038815945e-02 1.082920618707791799e-01 -1.144497031468458964e-02 9.941385821448337490e-01 -6.984958059726337432e+00 1.050435075504990934e+00 1.106595048910718617e+02 
9.941399122542934341e-01 -6.456428415961589992e-03 -1.082100271001763397e-01 7.541920851921540825e-03 9.999218585426135064e-01 9.751329557960748337e-03 1.081060809480856449e-01 -1.050188883596872916e-02 9.941762084023640922e-01 -7.133725171201189319e+00 1.062975651101733643e+00 1.121590549586308754e+02 
9.941101867523298719e-01 -9.650944041113006938e-03 -1.082729284604639491e-01 1.057111304671973055e-02 9.999123421335016637e-01 8.056728756334405675e-03 1.081552830642270036e-01 -9.145197236476353131e-03 9.941855723165724523e-01 -7.286627540858342300e+00 1.079919858703667801e+00 1.136581573978395596e+02 
9.938861599166216587e-01 -1.124000079297865148e-02 -1.101580860682414703e-01 1.185579966152938182e-02 9.999216711627229026e-01 5.066538379957608550e-03 1.100683223816203704e-01 -6.332529340378484015e-03 9.939906241127820508e-01 -7.435866620574930863e+00 1.099338265551839999e+00 1.151576004846140791e+02 
9.939231389051993437e-01 -1.214346857541643079e-02 -1.097344602082769988e-01 1.296897950201669411e-02 9.998959943229631664e-01 6.941368499017249241e-03 1.096192900602984688e-01 -8.313010454771750657e-03 9.940221383941884037e-01 -7.627506020043689716e+00 1.096538505737063574e+00 1.166523289186659298e+02 
9.938729228883897981e-01 -8.362571686345202093e-03 -1.105897652247250923e-01 9.779847050957576199e-03 9.998787605098621301e-01 1.239651785840213162e-02 1.104585468622469174e-01 -1.339278819258578682e-02 9.938778351101178465e-01 -7.765137022260091726e+00 1.119708885556742306e+00 1.181528113141573613e+02 
9.939540172145532315e-01 -7.230695880542021767e-03 -1.099908651018870615e-01 8.911885788558848026e-03 9.998546995829146189e-01 1.491693889872571475e-02 1.098573917177295828e-01 -1.579806428622038822e-02 9.939132690157488348e-01 -7.940240478733045393e+00 1.145489758763610366e+00 1.196493466673339015e+02 
9.939179096489366705e-01 -6.804453314101262598e-03 -1.103144674042221135e-01 8.257044514827959619e-03 9.998873713885683134e-01 1.283088667130171875e-02 1.102106477151832548e-01 -1.365516939536794497e-02 9.939091644483277754e-01 -8.110011303735559451e+00 1.170528213072110857e+00 1.211465142841819045e+02 
9.937551445914361015e-01 -1.192495342278432000e-02 -1.112654167493076357e-01 1.314927815456033711e-02 9.998681851484343408e-01 1.038366608407719459e-02 1.111230378016307280e-01 -1.177310953992416823e-02 9.938307206687814199e-01 -8.272043936748778137e+00 1.185597625502881280e+00 1.226446764872896864e+02 
9.936109207088116291e-01 -1.389663032462879096e-02 -1.123045195878121655e-01 1.511403283378714817e-02 9.998447945607874532e-01 1.010059741315505119e-02 1.121408468219796395e-01 -1.172478541803360745e-02 9.937139172732342152e-01 -8.424081970814519593e+00 1.211830965241853297e+00 1.240380360998845646e+02 
9.932216409239156274e-01 -1.586552007402878758e-02 -1.154862954348534754e-01 1.679546526133235407e-02 9.998374216379126711e-01 7.187458877107584347e-03 1.153533782511789590e-01 -9.069782868264495215e-03 9.933755933051582332e-01 -8.600734895032957184e+00 1.222436438442340734e+00 1.257960899666548329e+02 
9.930845147427371788e-01 -1.828497243461683908e-02 -1.163626697498601897e-01 1.884064859689454224e-02 9.998218210149578677e-01 3.776848315942388321e-03 1.162778188216122138e-01 -5.934482442215343809e-03 9.932950818780749147e-01 -8.808203556350731489e+00 1.235230474765677267e+00 1.275507614346238654e+02 
9.930369714454752028e-01 -1.379287576716927213e-02 -1.174400361786752389e-01 1.430323692620691714e-02 9.999055702891624930e-01 3.601309528816497123e-03 1.173816966908078768e-01 -5.247415289667547826e-03 9.931724368964630623e-01 -9.027707587382371557e+00 1.248190549337784727e+00 1.293039718754037892e+02 
9.928986553444173468e-01 -1.098931033136235982e-02 -1.189583007383479551e-01 1.163774064250142938e-02 9.999425174859054577e-01 4.859436459057762253e-03 1.188983451425655452e-01 -6.200482216323164458e-03 9.929911748891686596e-01 -9.218655974459466051e+00 1.259879959103630487e+00 1.310605371923069526e+02 
9.927526296133132311e-01 -7.971189723145127165e-03 -1.204127789211431598e-01 8.981634690023380940e-03 9.999582228076757673e-01 7.945496319152254780e-03 1.203465954934991727e-01 -8.961123596931158675e-03 9.928027063757490778e-01 -9.445863011423401900e+00 1.277749991860815948e+00 1.328127375685307356e+02 
9.926290089992015897e-01 -6.640217439344397142e-03 -1.214650233300680754e-01 7.634680398610168769e-03 9.999726025601791690e-01 7.803964284153411778e-03 1.214147477683905213e-01 -8.666095651365376962e-03 9.926777799341710562e-01 -9.661660231646019170e+00 1.300184038472121717e+00 1.345663392926894346e+02 
9.924757646192262639e-01 -5.568218721982558586e-03 -1.227327106216183766e-01 6.208685862311323286e-03 1.000001794431153224e+00 4.908935208764210467e-03 1.227055893010851051e-01 -5.625900921565517125e-03 9.925434137389774758e-01 -9.891295817238786370e+00 1.304265475675192798e+00 1.363183249016678644e+02 
9.924225588414333776e-01 -3.857536462742131890e-03 -1.231778985027698753e-01 4.359084915026918867e-03 1.000022751345400529e+00 3.868732278757620446e-03 1.231560715266562800e-01 -4.367433579556635748e-03 9.924956628520741342e-01 -1.007501434347978986e+01 1.319900954415067496e+00 1.377446541662931736e+02 
9.923063578279197605e-01 -2.423280958720216375e-03 -1.241188252824228649e-01 3.106098851431228318e-03 1.000023025552350564e+00 5.368406376255948319e-03 1.240927407379833064e-01 -5.702755916018280649e-03 9.923674964867412740e-01 -1.026147712819004454e+01 1.317849700392553558e+00 1.391707154445624894e+02 
9.922572249308528880e-01 -6.705205522567229612e-04 -1.245153790072464767e-01 1.317622707843533417e-03 1.000023702204419607e+00 5.171745503928553561e-03 1.245044060093258992e-01 -5.285682508146629689e-03 9.923149117638309091e-01 -1.042332474011620391e+01 1.328483026095767405e+00 1.405997359813828780e+02 
9.921451214488499204e-01 -1.220004364088181706e-03 -1.254118800292041702e-01 1.917033739283094439e-03 1.000018829527752562e+00 5.499382331424744995e-03 1.254043378239240170e-01 -5.686541154438572859e-03 9.921985379854135756e-01 -1.060137179464268264e+01 1.336785936198182423e+00 1.420268384934655614e+02 
9.920516528262784961e-01 -1.955301687974332885e-03 -1.261900006671166918e-01 3.195125838156550289e-03 9.999835389578495271e-01 9.691939704131945568e-03 1.261635097357523549e-01 -1.000852431257804112e-02 9.920697774741086272e-01 -1.076131783661107733e+01 1.346117190964341459e+00 1.434560742965172722e+02 
9.920278656802696826e-01 -1.852185218222896466e-03 -1.264294920496298602e-01 3.705898108207307268e-03 9.999198584316441041e-01 1.449598841035267330e-02 1.263851618346879535e-01 -1.484066279717746392e-02 9.919808578421019929e-01 -1.093962189312193622e+01 1.355338683898785090e+00 1.448831394673969726e+02 
9.920409908779893593e-01 -3.514505160117140266e-03 -1.263556135871780617e-01 5.550285446304447680e-03 9.998900055363489914e-01 1.583194363188155512e-02 1.262770356303613839e-01 -1.639901691404321155e-02 9.919706871817067784e-01 -1.111761043940037297e+01 1.393988000142415196e+00 1.463097507294422428e+02 
9.920409485132111183e-01 -3.651381292130758370e-03 -1.263446541130875678e-01 5.375156081173066390e-03 9.999283005025234594e-01 1.337985846855144906e-02 1.262802214819398194e-01 -1.394417642998762967e-02 9.920060540215216438e-01 -1.130747928379646083e+01 1.417664323893679024e+00 1.477351579345666721e+02 
9.920002521254122074e-01 -4.593722602987025498e-03 -1.266319305782683258e-01 5.816637739959247891e-03 9.999695529818568573e-01 9.362907214313750948e-03 1.265796021697867813e-01 -1.001676136422922740e-02 9.920069237012830721e-01 -1.147786823266153000e+01 1.441421974469776268e+00 1.491630203526241587e+02 
9.920226235118152491e-01 -5.284705971009317008e-03 -1.264614988087231495e-01 6.064949884809055919e-03 9.999964059033756847e-01 5.850370452994284147e-03 1.264185394076813296e-01 -6.562752326734473500e-03 9.920547371995073194e-01 -1.167448838279453582e+01 1.466761201199797027e+00 1.505874680235952212e+02 
9.920163659341945106e-01 -6.315993265297128664e-03 -1.264555234959055252e-01 7.196798094043515073e-03 9.999919979157796401e-01 6.561027059878227034e-03 1.264041386818165746e-01 -7.411067946710775227e-03 9.920531587311283150e-01 -1.184218814491332239e+01 1.480363658961419304e+00 1.520157680081511558e+02 
9.920242570678032834e-01 -6.332084555615062615e-03 -1.264033800799258811e-01 7.583192434757113007e-03 9.999695273423516717e-01 9.466260470432398544e-03 1.263407321526386073e-01 -1.034238004293731687e-02 9.920401982907582905e-01 -1.202707331674235114e+01 1.492864425045171251e+00 1.534419583914635155e+02 
9.919770367884387374e-01 -5.764964986009975083e-03 -1.268508194043410087e-01 7.200859042974335454e-03 9.999531075284990855e-01 1.091632881471816391e-02 1.267818228260956526e-01 -1.173499289097237365e-02 9.919741427719633853e-01 -1.221196965065358953e+01 1.514685450347146745e+00 1.548680407246262689e+02 
9.919510034207320581e-01 -7.255918528790135033e-03 -1.270453940062733211e-01 8.630045077551854946e-03 9.999419251787521334e-01 1.031958825004903463e-02 1.269612342780012393e-01 -1.132552798225487309e-02 9.919586195603926626e-01 -1.239151984259434691e+01 1.530683836701215217e+00 1.562948917674816869e+02 
9.919862059398258936e-01 -8.907735298777627597e-03 -1.266725223995754657e-01 1.023475564984507868e-02 9.999265344721197657e-01 9.876083364799339084e-03 1.265786534096373095e-01 -1.108569364562818869e-02 9.920124528908937922e-01 -1.256082627016467690e+01 1.555881563772835374e+00 1.577228662489273461e+02 
9.918913397079345273e-01 -1.038613256445384929e-02 -1.272493435290564801e-01 1.158064012249382553e-02 9.999218746404686664e-01 8.703681391411404594e-03 1.271537046617594036e-01 -1.009851200145724104e-02 9.919463312868973537e-01 -1.273903878584972915e+01 1.570175163376573479e+00 1.591499097406469332e+02 
9.918132341947951680e-01 -1.214929204028782767e-02 -1.276552585715234611e-01 1.297328820522180085e-02 9.999310232819229594e-01 5.683614003773535331e-03 1.275745853375976069e-01 -7.285450589644266312e-03 9.919109051983382441e-01 -1.291686228342942577e+01 1.577154429943853797e+00 1.605770515438604491e+02 
