1.000000 -0.000000 0.000000 -0.000000 1.000000 0.000000 0.000000 0.000000 1.000000 -0.000000 -0.000000 0.000000
0.999169 0.000901 0.040928 -0.000794 1.000001 -0.002627 -0.040933 0.002592 0.999151 0.041285 0.012881 0.595754
0.996561 0.000946 0.082896 -0.000681 0.999994 -0.003217 -0.082899 0.003149 0.996551 0.096179 0.029624 1.207872
0.992265 -0.000052 0.124130 0.000560 0.999994 -0.004061 -0.124132 0.004099 0.992246 0.171808 -0.377236 1.802934
0.986281 -0.004139 0.165042 0.004879 0.999983 -0.004078 -0.165019 0.004828 0.986275 0.277213 0.001010 2.349414
0.978661 -0.006670 0.205378 0.007855 0.999961 -0.004953 -0.205331 0.006461 0.978667 0.395559 0.178357 2.931325
0.969222 -0.006355 0.246102 0.008152 0.999953 -0.006286 -0.246049 0.008099 0.969222 0.535096 0.373881 3.486069
0.957565 -0.002226 0.288236 0.004682 0.999959 -0.007831 -0.288205 0.008847 0.957520 0.692587 0.327599 4.006176
0.943462 0.004391 0.331467 -0.001510 0.999956 -0.008948 -0.331485 0.007942 0.943417 0.862911 0.210526 4.587117
0.927086 0.007536 0.374793 -0.004554 0.999950 -0.008840 -0.374838 0.006489 0.927067 1.067848 0.473222 5.143352
0.907477 0.006013 0.420069 -0.003923 0.999976 -0.005840 -0.420093 0.003651 0.907466 1.298467 0.642330 5.712188
0.884507 0.005130 0.466505 -0.003388 0.999988 -0.004575 -0.466516 0.002466 0.884500 1.557410 0.706271 6.255414
0.859035 0.005639 0.511888 -0.003409 0.999982 -0.005295 -0.511908 0.002802 0.859030 1.846776 0.412750 6.811712
0.830823 0.006729 0.556505 -0.004615 0.999980 -0.005201 -0.556520 0.001753 0.830828 2.153723 0.730145 7.344962
0.800145 0.008055 0.599757 -0.007068 0.999971 -0.004001 -0.599770 -0.001038 0.800165 2.497183 1.026875 7.870131
0.766767 0.010321 0.641846 -0.010833 0.999937 -0.003138 -0.641832 -0.004547 0.766822 2.843442 0.888007 8.376437
0.731194 0.008985 0.682121 -0.009796 0.999947 -0.002671 -0.682106 -0.004729 0.731239 3.232987 1.083320 8.856802
0.693094 0.006980 0.720816 -0.008210 0.999964 -0.001789 -0.720796 -0.004678 0.693123 3.656774 0.674159 9.329393
0.653382 0.004874 0.757018 -0.006102 0.999978 -0.001171 -0.756999 -0.003855 0.653396 4.110802 0.565213 9.780833
0.613861 0.003486 0.789406 -0.004550 0.999990 -0.000878 -0.789393 -0.003053 0.613864 4.582897 0.430979 10.189789
0.576553 0.001701 0.817059 -0.001968 1.000002 -0.000693 -0.817056 -0.001208 0.576542 5.081418 0.337961 10.590793
0.543783 0.000164 0.839228 0.001210 0.999998 -0.000979 -0.839228 0.001549 0.543770 5.612913 0.086431 10.986119
0.515024 -0.001094 0.857175 0.004637 0.999987 -0.001509 -0.857158 0.004752 0.515014 6.155360 0.104460 11.374333
0.489903 -0.001302 0.871777 0.006569 0.999972 -0.002199 -0.871749 0.006803 0.489888 6.720618 -0.101016 11.761404
0.469042 -0.001204 0.883174 0.006712 0.999977 -0.002202 -0.883148 0.006959 0.469031 7.313958 -0.758205 12.135592
0.451878 -0.002018 0.892079 0.007672 0.999972 -0.001624 -0.892047 0.007577 0.451867 7.905469 -0.596673 12.504289
0.438897 -0.002329 0.898535 0.010005 0.999944 -0.002295 -0.898477 0.009997 0.438892 8.536865 -1.044192 12.885093
