0.85529 0 -0.51815 0 1 0 0.51815 0 0.85529 -4.5523 1.8585 13.41
0.85212 0 -0.52334 0 1 0 0.52334 0 0.85212 -4.651 1.7668 13.581
0.84893 0 -0.52851 0 1 0 0.52851 0 0.84893 -4.7496 1.675 13.752
0.8457 0 -0.53366 0 1 0 0.53366 0 0.8457 -4.8483 1.5833 13.922
0.84244 0 -0.53879 0 1 0 0.53879 0 0.84244 -4.9348 1.6019 14.099
0.83915 0 -0.5439 0 1 0 0.5439 0 0.83915 -5.0213 1.6206 14.275
0.83839 0 -0.54507 0 1 0 0.54507 0 0.83839 -5.1182 1.5975 14.44
0.83763 0 -0.54624 0 1 0 0.54624 0 0.83763 -5.2147 1.618 14.604
0.83687 0 -0.5474 0 1 0 0.5474 0 0.83687 -5.3109 1.6658 14.768
0.83611 0 -0.54857 0 1 0 0.54857 0 0.83611 -5.4076 1.6625 14.933
0.83534 0 -0.54973 0 1 0 0.54973 0 0.83534 -5.5032 1.7679 15.096
0.83377 0 -0.55211 0 1 0 0.55211 0 0.83377 -5.5843 1.7706 15.239
0.8322 0 -0.55448 0 1 0 0.55448 0 0.8322 -5.6654 1.7733 15.381
0.83061 0 -0.55685 0 1 0 0.55685 0 0.83061 -5.7465 1.776 15.524
0.82902 0 -0.55921 0 1 0 0.55921 0 0.82902 -5.8276 1.7788 15.666
0.82743 0 -0.56157 0 1 0 0.56157 0 0.82743 -5.9086 1.7815 15.809
0.83096 0 -0.55634 0 1 0 0.55634 0 0.83096 -5.9814 1.6538 15.936
0.83445 0 -0.55108 0 1 0 0.55108 0 0.83445 -6.0518 1.7503 16.06
0.83791 0 -0.54581 0 1 0 0.54581 0 0.83791 -6.1001 1.8842 16.199
0.84134 0 -0.54051 0 1 0 0.54051 0 0.84134 -6.1484 2.0181 16.338
0.84474 0 -0.53518 0 1 0 0.53518 0 0.84474 -6.1967 2.152 16.476
0.85514 0 -0.51839 0 1 0 0.51839 0 0.85514 -6.1848 2.1094 16.621
0.86521 0 -0.5014 0 1 0 0.5014 0 0.86521 -6.1734 2.0316 16.766
0.87495 0 -0.48421 0 1 0 0.48421 0 0.87495 -6.1619 1.9539 16.91
0.88434 0 -0.46684 0 1 0 0.46684 0 0.88434 -6.1494 1.966 17.054
0.89339 0 -0.44928 0 1 0 0.44928 0 0.89339 -6.137 1.978 17.198
0.90596 0 -0.42336 0 1 0 0.42336 0 0.90596 -6.073 1.753 17.36
0.91778 0 -0.39708 0 1 0 0.39708 0 0.91778 -6.0079 1.6317 17.522
0.92884 0 -0.37048 0 1 0 0.37048 0 0.92884 -5.941 1.6775 17.682
0.93913 0 -0.34357 0 1 0 0.34357 0 0.93913 -5.8505 1.693 17.857
0.94864 0 -0.31637 0 1 0 0.31637 0 0.94864 -5.7597 1.7418 18.032
0.96304 0 -0.26935 0 1 0 0.26935 0 0.96304 -5.5704 1.7177 18.206
0.97235 0 -0.23354 0 1 0 0.23354 0 0.97235 -5.3942 1.7055 18.369
0.98079 0 -0.19508 0 1 0 0.19508 0 0.98079 -5.1765 1.7186 18.537
0.98707 0 -0.16031 0 1 0 0.16031 0 0.98707 -4.9715 1.6838 18.675
0.99431 0 -0.10649 0 1 0 0.10649 0 0.99431 -4.7402 1.7034 18.778
0.99813 0 -0.061197 0 1 0 0.061197 0 0.99813 -4.4487 1.6619 18.912
0.99988 0 -0.015774 0 1 0 0.015774 0 0.99988 -4.1572 1.6204 19.046
0.99978 0 0.021092 0 1 0 -0.021092 0 0.99978 -3.809 1.6514 19.121
0.99832 0 0.057929 0 1 0 -0.057929 0 0.99832 -3.4608 1.6824 19.195
0.99551 0 0.094687 0 1 0 -0.094687 0 0.99551 -3.1126 1.7134 19.269
0.99142 0 0.13075 0 1 0 -0.13075 0 0.99142 -2.6765 1.7493 19.292
0.98602 0 0.16664 0 1 0 -0.16664 0 0.98602 -2.2404 1.7852 19.315
0.97932 0 0.20231 0 1 0 -0.20231 0 0.97932 -1.8043 1.8211 19.337
0.97257 0 0.2326 0 1 0 -0.2326 0 0.97257 -1.2895 1.803 19.359
0.96489 0 0.26266 0 1 0 -0.26266 0 0.96489 -0.7747 1.785 19.38
0.95594 0 0.29355 0 1 0 -0.29355 0 0.95594 -0.21439 1.7532 19.339
0.94601 0 0.32413 0 1 0 -0.32413 0 0.94601 0.34592 1.7215 19.298
0.9351 0 0.35438 0 1 0 -0.35438 0 0.9351 0.90623 1.6897 19.257
0.92322 0 0.38426 0 1 0 -0.38426 0 0.92322 1.4665 1.658 19.217
0.91039 0 0.41375 0 1 0 -0.41375 0 0.91039 2.0269 1.6263 19.176
0.89573 0 0.44461 0 1 0 -0.44461 0 0.89573 2.6085 1.6131 19.093
0.88001 0 0.47495 0 1 0 -0.47495 0 0.88001 3.1902 1.6 19.01
0.86327 0 0.50474 0 1 0 -0.50474 0 0.86327 3.7718 1.5869 18.926
0.84553 0 0.53393 0 1 0 -0.53393 0 0.84553 4.3535 1.5738 18.843
0.82679 0 0.56251 0 1 0 -0.56251 0 0.82679 4.9351 1.5607 18.76
0.80369 0 0.59505 0 1 0 -0.59505 0 0.80369 5.5146 1.5531 18.643
0.7793 0 0.62665 0 1 0 -0.62665 0 0.7793 6.094 1.5456 18.525
0.75367 0 0.65725 0 1 0 -0.65725 0 0.75367 6.6735 1.5381 18.407
0.72685 0 0.6868 0 1 0 -0.6868 0 0.72685 7.2529 1.5305 18.289
0.69886 0 0.71526 0 1 0 -0.71526 0 0.69886 7.8324 1.523 18.172
0.67467 0 0.73812 0 1 0 -0.73812 0 0.67467 8.3591 1.5196 18.08
0.64973 0 0.76017 0 1 0 -0.76017 0 0.64973 8.8858 1.5162 17.989
0.62406 0 0.78137 0 1 0 -0.78137 0 0.62406 9.4125 1.5128 17.897
0.59771 0 0.80171 0 1 0 -0.80171 0 0.59771 9.9392 1.5095 17.806
0.5707 0 0.82116 0 1 0 -0.82116 0 0.5707 10.466 1.5061 17.714
0.55238 0 0.83359 0 1 0 -0.83359 0 0.55238 10.946 1.5239 17.665
0.53379 0 0.84562 0 1 0 -0.84562 0 0.53379 11.425 1.5418 17.615
0.52514 0 0.85102 0 1 0 -0.85102 0 0.52514 11.829 1.5612 17.604
0.51643 0 0.85633 0 1 0 -0.85633 0 0.51643 12.233 1.5806 17.593
0.50767 0 0.86155 0 1 0 -0.86155 0 0.50767 12.636 1.6 17.581
0.50162 0 0.86509 0 1 0 -0.86509 0 0.50162 12.97 1.5806 17.649
0.49555 0 0.86858 0 1 0 -0.86858 0 0.49555 13.304 1.5612 17.717
0.48945 0 0.87203 0 1 0 -0.87203 0 0.48945 13.638 1.5418 17.785
0.48333 0 0.87544 0 1 0 -0.87544 0 0.48333 13.934 1.5747 17.921
0.47719 0 0.8788 0 1 0 -0.8788 0 0.47719 14.23 1.6075 18.057
0.49428 0 0.8693 0 1 0 -0.8693 0 0.49428 14.447 1.6458 18.337
0.51117 0 0.85948 0 1 0 -0.85948 0 0.51117 14.664 1.684 18.618
0.52787 0 0.84932 0 1 0 -0.84932 0 0.52787 14.881 1.7223 18.899
0.54437 0 0.83884 0 1 0 -0.83884 0 0.54437 15.098 1.7605 19.179
0.56066 0 0.82804 0 1 0 -0.82804 0 0.56066 15.315 1.7988 19.46
0.57889 0 0.81541 0 1 0 -0.81541 0 0.57889 15.407 1.833 19.863
0.59683 0 0.80237 0 1 0 -0.80237 0 0.59683 15.5 1.8673 20.265
0.61447 0 0.78894 0 1 0 -0.78894 0 0.61447 15.565 1.8434 20.705
0.63182 0 0.77512 0 1 0 -0.77512 0 0.63182 15.629 1.8196 21.145
0.64885 0 0.76092 0 1 0 -0.76092 0 0.64885 15.694 1.7957 21.585
0.67312 0 0.73954 0 1 0 -0.73954 0 0.67312 15.637 1.8038 22.137
0.69668 0 0.71738 0 1 0 -0.71738 0 0.69668 15.58 1.8119 22.689
0.71951 0 0.69448 0 1 0 -0.69448 0 0.71951 15.523 1.82 23.242
0.74159 0 0.67085 0 1 0 -0.67085 0 0.74159 15.466 1.8281 23.794
0.76289 0 0.64652 0 1 0 -0.64652 0 0.76289 15.409 1.8362 24.346
0.78579 0 0.61849 0 1 0 -0.61849 0 0.78579 15.174 1.8504 24.924
0.80766 0 0.58965 0 1 0 -0.58965 0 0.80766 14.94 1.8647 25.502
0.82846 0 0.56004 0 1 0 -0.56004 0 0.82846 14.705 1.8789 26.08
0.84819 0 0.5297 0 1 0 -0.5297 0 0.84819 14.47 1.8932 26.658
0.8668 0 0.49866 0 1 0 -0.49866 0 0.8668 14.235 1.9074 27.236
0.8804 0 0.47424 0 1 0 -0.47424 0 0.8804 13.923 1.986 27.84
0.89331 0 0.44944 0 1 0 -0.44944 0 0.89331 13.611 2.0646 28.443
0.90552 0 0.4243 0 1 0 -0.4243 0 0.90552 13.14 2.0573 28.967
0.91703 0 0.39882 0 1 0 -0.39882 0 0.91703 12.67 2.0501 29.491
0.92782 0 0.37303 0 1 0 -0.37303 0 0.92782 12.2 2.0428 30.015
0.94349 0 0.33139 0 1 0 -0.33139 0 0.94349 11.658 2.0253 30.55
0.9573 0 0.2891 0 1 0 -0.2891 0 0.9573 11.116 2.0078 31.085
0.96921 0 0.24623 0 1 0 -0.24623 0 0.96921 10.574 1.9903 31.62
0.97084 0 0.23975 0 1 0 -0.23975 0 0.97084 9.9509 1.9718 32.087
0.97241 0 0.23326 0 1 0 -0.23326 0 0.97241 9.3278 1.9532 32.554
0.98052 0 0.19641 0 1 0 -0.19641 0 0.98052 8.6924 1.9612 32.947
0.98723 0 0.15928 0 1 0 -0.15928 0 0.98723 8.057 1.9692 33.339
0.99254 0 0.12192 0 1 0 -0.12192 0 0.99254 7.4216 1.9772 33.732
0.99643 0 0.084388 0 1 0 -0.084388 0 0.99643 6.7861 1.9852 34.125
0.99747 0 0.071141 0 1 0 -0.071141 0 0.99747 6.0612 1.9876 34.423
0.99832 0 0.057883 0 1 0 -0.057883 0 0.99832 5.3363 1.9901 34.721
0.999 0 0.044615 0 1 0 -0.044615 0 0.999 4.6114 1.9926 35.019
0.99951 0 0.031337 0 1 0 -0.031337 0 0.99951 3.8864 1.995 35.317
0.99984 0 0.018055 0 1 0 -0.018055 0 0.99984 3.1615 1.9975 35.615
0.99999 0 0.0047703 0 1 0 -0.0047703 0 0.99999 2.4366 1.9999 35.913
0.99996 0 -0.0085166 0 1 0 0.0085166 0 0.99996 1.7117 2.0024 36.211
0.99976 0 -0.021801 0 1 0 0.021801 0 0.99976 0.98674 2.0049 36.509
0.99879 0 -0.049262 0 1 0 0.049262 0 0.99879 0.2108 2.007 36.698
0.99706 0 -0.076685 0 1 0 0.076685 0 0.99706 -0.56514 2.0092 36.886
0.99457 0 -0.10405 0 1 0 0.10405 0 0.99457 -1.3411 2.0114 37.074
0.99134 0 -0.13134 0 1 0 0.13134 0 0.99134 -2.117 2.0136 37.263
0.98735 0 -0.15853 0 1 0 0.15853 0 0.98735 -2.893 2.0158 37.451
0.98263 0 -0.1856 0 1 0 0.1856 0 0.98263 -3.6689 2.018 37.639
0.98004 0 -0.19882 0 1 0 0.19882 0 0.98004 -4.4877 2.0203 37.734
0.97727 0 -0.21202 0 1 0 0.21202 0 0.97727 -5.3064 2.0227 37.83
0.97432 0 -0.22517 0 1 0 0.22517 0 0.97432 -6.1252 2.025 37.925
0.9712 0 -0.23829 0 1 0 0.23829 0 0.9712 -6.944 2.0274 38.02
0.9679 0 -0.25135 0 1 0 0.25135 0 0.9679 -7.7628 2.0297 38.116
0.96859 0 -0.24868 0 1 0 0.24868 0 0.96859 -8.1644 2.0336 38.274
0.96927 0 -0.246 0 1 0 0.246 0 0.96927 -8.5659 2.0374 38.432
0.96995 0 -0.24332 0 1 0 0.24332 0 0.96995 -8.9675 2.0413 38.59
0.97062 0 -0.24063 0 1 0 0.24063 0 0.97062 -9.1186 2.0391 38.831
0.9706 0 -0.2407 0 1 0 0.2407 0 0.9706 -9.3406 2.0391 38.892
0.97058 0 -0.24077 0 1 0 0.24077 0 0.97058 -9.2201 1.9935 39.118
0.97056 0 -0.24084 0 1 0 0.24084 0 0.97056 -9.0995 1.9479 39.343
0.97055 0 -0.24091 0 1 0 0.24091 0 0.97055 -8.979 1.9023 39.568
0.9733 0 -0.22954 0 1 0 0.22954 0 0.9733 -8.6229 1.851 39.824
0.97592 0 -0.21814 0 1 0 0.21814 0 0.97592 -8.2668 1.7997 40.079
0.9784 0 -0.20672 0 1 0 0.20672 0 0.9784 -7.9107 1.7484 40.334
0.98075 0 -0.19526 0 1 0 0.19526 0 0.98075 -7.3774 1.8007 40.626
0.98297 0 -0.18377 0 1 0 0.18377 0 0.98297 -6.8441 1.853 40.917
0.98555 0 -0.16937 0 1 0 0.16937 0 0.98555 -6.3511 1.8523 41.191
0.98793 0 -0.15492 0 1 0 0.15492 0 0.98793 -5.8582 1.8516 41.465
0.99009 0 -0.14045 0 1 0 0.14045 0 0.99009 -5.3652 1.851 41.74
0.99158 0 -0.1295 0 1 0 0.1295 0 0.99158 -4.895 1.7594 41.957
0.99295 0 -0.11854 0 1 0 0.11854 0 0.99295 -4.4247 1.6679 42.174
0.9942 0 -0.10756 0 1 0 0.10756 0 0.9942 -3.9594 1.638 42.391
0.99533 0 -0.096572 0 1 0 0.096572 0 0.99533 -3.494 1.6081 42.607
0.99633 0 -0.085571 0 1 0 0.085571 0 0.99633 -3.0287 1.5782 42.823
0.99722 0 -0.074559 0 1 0 0.074559 0 0.99722 -2.5633 1.5483 43.039
0.99798 0 -0.063539 0 1 0 0.063539 0 0.99798 -2.2479 1.6259 43.14
0.99862 0 -0.05251 0 1 0 0.05251 0 0.99862 -1.9325 1.7034 43.24
0.99914 0 -0.041475 0 1 0 0.041475 0 0.99914 -1.6171 1.781 43.341
