13 0.99924 0 -0.038889 0 1 0 0.038889 0 0.99924 2.805 1.819 7.8806
14 0.99924 0 -0.038889 0 1 0 0.038889 0 0.99924 2.9507 1.8133 8.5066
15 0.99924 0 -0.038889 0 1 0 0.038889 0 0.99924 2.9902 1.9333 8.873
16 0.99924 0 -0.038889 0 1 0 0.038889 0 0.99924 2.8933 1.9319 8.8226
17 0.99924 0 -0.038889 0 1 0 0.038889 0 0.99924 2.8744 1.9316 9.1069
18 0.99924 0 -0.038889 0 1 0 0.038889 0 0.99924 2.8126 1.9092 9.2713
19 0.99924 0 -0.038889 0 1 0 0.038889 0 0.99924 2.9124 1.9364 9.874
20 0.99924 0 -0.038889 0 1 0 0.038889 0 0.99924 2.9706 1.9373 10.43
21 0.99916 0 -0.040947 0 1 0 0.040947 0 0.99916 2.9683 1.9457 10.776
22 0.99907 0 -0.043005 0 1 0 0.043005 0 0.99907 2.9421 1.9636 11.13
23 0.99898 0 -0.045064 0 1 0 0.045064 0 0.99898 2.8283 1.9424 11.142
24 0.99889 0 -0.047122 0 1 0 0.047122 0 0.99889 2.865 2.0045 11.648
25 0.99879 0 -0.04918 0 1 0 0.04918 0 0.99879 3.0492 2.1154 12.677
26 0.99876 0 -0.049823 0 1 0 0.049823 0 0.99876 2.7409 2.0515 11.883
27 0.99873 0 -0.050466 0 1 0 0.050466 0 0.99873 2.8426 2.0985 12.911
28 0.99869 0 -0.051109 0 1 0 0.051109 0 0.99869 2.7779 2.1252 13.184
29 0.99866 0 -0.051752 0 1 0 0.051752 0 0.99866 2.7176 2.1376 13.453
30 0.99863 0 -0.052395 0 1 0 0.052395 0 0.99863 2.5785 2.1632 13.231
31 0.99827 0 -0.058822 0 1 0 0.058822 0 0.99827 2.5514 2.1727 14.066
32 0.99787 0 -0.065246 0 1 0 0.065246 0 0.99787 2.4535 2.1838 14.542
33 0.99743 0 -0.071668 0 1 0 0.071668 0 0.99743 2.2279 2.1035 13.895
34 0.99695 0 -0.078087 0 1 0 0.078087 0 0.99695 2.2265 2.1411 14.933
35 0.99642 0 -0.084503 0 1 0 0.084503 0 0.99642 2.1257 2.1136 15.137
36 0.99642 0 -0.084503 0 1 0 0.084503 0 0.99642 1.9438 2.1182 15.301
37 0.99642 0 -0.084503 0 1 0 0.084503 0 0.99642 1.9236 2.2322 17.035
38 0.99642 0 -0.084503 0 1 0 0.084503 0 0.99642 1.7825 2.2209 17.467
39 0.99642 0 -0.084503 0 1 0 0.084503 0 0.99642 1.6416 2.2379 17.969
40 0.99642 0 -0.084503 0 1 0 0.084503 0 0.99642 1.4162 2.1611 17.356
41 0.99599 0 -0.089491 0 1 0 0.089491 0 0.99599 1.2621 2.1542 17.847
42 0.99553 0 -0.094478 0 1 0 0.094478 0 0.99553 1.1395 2.2078 19.203
43 0.99504 0 -0.099462 0 1 0 0.099462 0 0.99504 0.96946 2.2345 19.206
44 0.99453 0 -0.10444 0 1 0 0.10444 0 0.99453 0.77711 2.2512 19.474
45 0.994 0 -0.10942 0 1 0 0.10942 0 0.994 0.61075 2.3713 20.926
46 0.99345 0 -0.11431 0 1 0 0.11431 0 0.99345 0.44685 2.3545 21.167
47 0.99287 0 -0.11918 0 1 0 0.11918 0 0.99287 0.2504 2.2721 19.853
48 0.99227 0 -0.12406 0 1 0 0.12406 0 0.99227 0.082493 2.304 21.474
49 0.99165 0 -0.12893 0 1 0 0.12893 0 0.99165 -0.039504 2.2245 20.502
50 0.99101 0 -0.1338 0 1 0 0.1338 0 0.99101 -0.17762 2.2104 21.406
