0.85529 0 -0.51815 0 1 0 0.51815 0 0.85529 -4.8955 1.8585 13.575
0.85212 0 -0.52334 0 1 0 0.52334 0 0.85212 -4.3408 1.7668 13.697
0.84893 0 -0.52851 0 1 0 0.52851 0 0.84893 -5.0979 1.675 13.794
0.8457 0 -0.53366 0 1 0 0.53366 0 0.8457 -4.8993 1.5833 13.697
0.84244 0 -0.53879 0 1 0 0.53879 0 0.84244 -4.6735 1.6019 14.317
0.83915 0 -0.5439 0 1 0 0.5439 0 0.83915 -5.1056 1.6206 14.057
0.83839 0 -0.54507 0 1 0 0.54507 0 0.83839 -5.0274 1.5975 14.337
0.83763 0 -0.54624 0 1 0 0.54624 0 0.83763 -4.9598 1.618 14.917
0.83687 0 -0.5474 0 1 0 0.5474 0 0.83687 -5.0019 1.6658 15.053
0.83611 0 -0.54857 0 1 0 0.54857 0 0.83611 -5.0628 1.6625 14.855
0.83534 0 -0.54973 0 1 0 0.54973 0 0.83534 -5.7506 1.7679 14.951
0.83377 0 -0.55211 0 1 0 0.55211 0 0.83377 -5.7775 1.7706 15.326
0.8322 0 -0.55448 0 1 0 0.55448 0 0.8322 -5.3471 1.7733 15.709
0.83061 0 -0.55685 0 1 0 0.55685 0 0.83061 -5.6718 1.776 15.851
0.82902 0 -0.55921 0 1 0 0.55921 0 0.82902 -5.8245 1.7788 15.739
0.82743 0 -0.56157 0 1 0 0.56157 0 0.82743 -5.8184 1.7815 15.675
0.83096 0 -0.55634 0 1 0 0.55634 0 0.83096 -5.7259 1.6538 16.218
0.83445 0 -0.55108 0 1 0 0.55108 0 0.83445 -6.0263 1.7503 16.014
0.83791 0 -0.54581 0 1 0 0.54581 0 0.83791 -6.3385 1.8842 16.523
0.84134 0 -0.54051 0 1 0 0.54051 0 0.84134 -6.1853 2.0181 15.964
0.84474 0 -0.53518 0 1 0 0.53518 0 0.84474 -6.2544 2.152 16.502
0.85514 0 -0.51839 0 1 0 0.51839 0 0.85514 -5.812 2.1094 16.794
0.86521 0 -0.5014 0 1 0 0.5014 0 0.86521 -6.0773 2.0316 16.509
0.87495 0 -0.48421 0 1 0 0.48421 0 0.87495 -6.0056 1.9539 16.779
0.88434 0 -0.46684 0 1 0 0.46684 0 0.88434 -5.9733 1.966 16.804
0.89339 0 -0.44928 0 1 0 0.44928 0 0.89339 -6.2595 1.978 17.055
0.90596 0 -0.42336 0 1 0 0.42336 0 0.90596 -6.0594 1.753 17.284
0.91778 0 -0.39708 0 1 0 0.39708 0 0.91778 -5.9625 1.6317 17.561
0.92884 0 -0.37048 0 1 0 0.37048 0 0.92884 -6.2158 1.6775 17.321
0.93913 0 -0.34357 0 1 0 0.34357 0 0.93913 -5.8009 1.693 17.899
0.94864 0 -0.31637 0 1 0 0.31637 0 0.94864 -5.6038 1.7418 17.852
0.96304 0 -0.26935 0 1 0 0.26935 0 0.96304 -5.6292 1.7177 18
0.97235 0 -0.23354 0 1 0 0.23354 0 0.97235 -5.1252 1.7055 18.164
0.98079 0 -0.19508 0 1 0 0.19508 0 0.98079 -4.9914 1.7186 18.261
0.98707 0 -0.16031 0 1 0 0.16031 0 0.98707 -5.0835 1.6838 19.04
0.99431 0 -0.10649 0 1 0 0.10649 0 0.99431 -4.7768 1.7034 19.127
0.99813 0 -0.061197 0 1 0 0.061197 0 0.99813 -4.5396 1.6619 19.167
0.99988 0 -0.015774 0 1 0 0.015774 0 0.99988 -3.9368 1.6204 19.229
0.99978 0 0.021092 0 1 0 -0.021092 0 0.99978 -3.6216 1.6514 18.861
0.99832 0 0.057929 0 1 0 -0.057929 0 0.99832 -3.5166 1.6824 19.083
0.99551 0 0.094687 0 1 0 -0.094687 0 0.99551 -2.9576 1.7134 19.02
0.99142 0 0.13075 0 1 0 -0.13075 0 0.99142 -2.3203 1.7493 18.893
0.98602 0 0.16664 0 1 0 -0.16664 0 0.98602 -2.013 1.7852 19.168
0.97932 0 0.20231 0 1 0 -0.20231 0 0.97932 -1.6399 1.8211 19.497
0.97257 0 0.2326 0 1 0 -0.2326 0 0.97257 -1.602 1.803 19.459
0.96489 0 0.26266 0 1 0 -0.26266 0 0.96489 -0.86276 1.785 19.415
0.95594 0 0.29355 0 1 0 -0.29355 0 0.95594 -0.14167 1.7532 19.29
0.94601 0 0.32413 0 1 0 -0.32413 0 0.94601 0.31343 1.7215 19.128
0.9351 0 0.35438 0 1 0 -0.35438 0 0.9351 0.54651 1.6897 19.259
0.92322 0 0.38426 0 1 0 -0.38426 0 0.92322 1.2495 1.658 19.426
0.91039 0 0.41375 0 1 0 -0.41375 0 0.91039 2.2942 1.6263 19.386
0.89573 0 0.44461 0 1 0 -0.44461 0 0.89573 2.221 1.6131 19.154
0.88001 0 0.47495 0 1 0 -0.47495 0 0.88001 3.4811 1.6 19.208
0.86327 0 0.50474 0 1 0 -0.50474 0 0.86327 3.4343 1.5869 19.043
0.84553 0 0.53393 0 1 0 -0.53393 0 0.84553 4.4887 1.5738 18.542
0.82679 0 0.56251 0 1 0 -0.56251 0 0.82679 4.9353 1.5607 18.764
0.80369 0 0.59505 0 1 0 -0.59505 0 0.80369 5.289 1.5531 18.52
0.7793 0 0.62665 0 1 0 -0.62665 0 0.7793 6.1513 1.5456 18.198
0.75367 0 0.65725 0 1 0 -0.65725 0 0.75367 6.3712 1.5381 18.125
0.72685 0 0.6868 0 1 0 -0.6868 0 0.72685 7.3899 1.5305 18.048
0.69886 0 0.71526 0 1 0 -0.71526 0 0.69886 7.912 1.523 18.309
0.67467 0 0.73812 0 1 0 -0.73812 0 0.67467 8.0039 1.5196 18.025
0.64973 0 0.76017 0 1 0 -0.76017 0 0.64973 8.5309 1.5162 18.144
0.62406 0 0.78137 0 1 0 -0.78137 0 0.62406 9.1345 1.5128 17.703
0.59771 0 0.80171 0 1 0 -0.80171 0 0.59771 9.5549 1.5095 17.413
0.5707 0 0.82116 0 1 0 -0.82116 0 0.5707 10.414 1.5061 17.74
0.55238 0 0.83359 0 1 0 -0.83359 0 0.55238 11.211 1.5239 17.488
0.53379 0 0.84562 0 1 0 -0.84562 0 0.53379 11.519 1.5418 17.972
0.52514 0 0.85102 0 1 0 -0.85102 0 0.52514 11.845 1.5612 17.929
0.51643 0 0.85633 0 1 0 -0.85633 0 0.51643 12.524 1.5806 17.507
0.50767 0 0.86155 0 1 0 -0.86155 0 0.50767 12.315 1.6 17.201
0.50162 0 0.86509 0 1 0 -0.86509 0 0.50162 13.297 1.5806 17.787
0.49555 0 0.86858 0 1 0 -0.86858 0 0.49555 12.991 1.5612 17.987
0.48945 0 0.87203 0 1 0 -0.87203 0 0.48945 13.652 1.5418 18.163
0.48333 0 0.87544 0 1 0 -0.87544 0 0.48333 13.649 1.5747 17.567
0.47719 0 0.8788 0 1 0 -0.8788 0 0.47719 14.278 1.6075 18.017
0.49428 0 0.8693 0 1 0 -0.8693 0 0.49428 14.051 1.6458 18.403
0.51117 0 0.85948 0 1 0 -0.85948 0 0.51117 14.877 1.684 18.767
0.52787 0 0.84932 0 1 0 -0.84932 0 0.52787 15.16 1.7223 19.074
0.54437 0 0.83884 0 1 0 -0.83884 0 0.54437 15.431 1.7605 19.299
0.56066 0 0.82804 0 1 0 -0.82804 0 0.56066 15.704 1.7988 19.641
0.57889 0 0.81541 0 1 0 -0.81541 0 0.57889 15.412 1.833 19.762
0.59683 0 0.80237 0 1 0 -0.80237 0 0.59683 15.317 1.8673 20.331
0.61447 0 0.78894 0 1 0 -0.78894 0 0.61447 15.245 1.8434 20.398
0.63182 0 0.77512 0 1 0 -0.77512 0 0.63182 15.636 1.8196 20.791
0.64885 0 0.76092 0 1 0 -0.76092 0 0.64885 15.763 1.7957 21.969
0.67312 0 0.73954 0 1 0 -0.73954 0 0.67312 15.848 1.8038 21.965
0.69668 0 0.71738 0 1 0 -0.71738 0 0.69668 15.247 1.8119 22.765
0.71951 0 0.69448 0 1 0 -0.69448 0 0.71951 15.653 1.82 23.611
0.74159 0 0.67085 0 1 0 -0.67085 0 0.74159 15.48 1.8281 23.543
0.76289 0 0.64652 0 1 0 -0.64652 0 0.76289 15.146 1.8362 24.101
0.78579 0 0.61849 0 1 0 -0.61849 0 0.78579 15.525 1.8504 24.797
0.80766 0 0.58965 0 1 0 -0.58965 0 0.80766 15.012 1.8647 25.848
0.82846 0 0.56004 0 1 0 -0.56004 0 0.82846 14.657 1.8789 25.992
0.84819 0 0.5297 0 1 0 -0.5297 0 0.84819 14.823 1.8932 26.476
0.8668 0 0.49866 0 1 0 -0.49866 0 0.8668 14.36 1.9074 26.957
0.8804 0 0.47424 0 1 0 -0.47424 0 0.8804 13.884 1.986 27.757
0.89331 0 0.44944 0 1 0 -0.44944 0 0.89331 13.882 2.0646 28.343
0.90552 0 0.4243 0 1 0 -0.4243 0 0.90552 13.166 2.0573 28.672
0.91703 0 0.39882 0 1 0 -0.39882 0 0.91703 12.713 2.0501 29.439
0.92782 0 0.37303 0 1 0 -0.37303 0 0.92782 12.344 2.0428 29.688
0.94349 0 0.33139 0 1 0 -0.33139 0 0.94349 11.552 2.0253 30.641
0.9573 0 0.2891 0 1 0 -0.2891 0 0.9573 10.907 2.0078 30.694
0.96921 0 0.24623 0 1 0 -0.24623 0 0.96921 10.637 1.9903 31.678
0.97084 0 0.23975 0 1 0 -0.23975 0 0.97084 10.244 1.9718 32.319
0.97241 0 0.23326 0 1 0 -0.23326 0 0.97241 9.2532 1.9532 32.342
0.98052 0 0.19641 0 1 0 -0.19641 0 0.98052 8.3825 1.9612 32.905
0.98723 0 0.15928 0 1 0 -0.15928 0 0.98723 8.0121 1.9692 33.395
0.99254 0 0.12192 0 1 0 -0.12192 0 0.99254 7.2617 1.9772 33.381
0.99643 0 0.084388 0 1 0 -0.084388 0 0.99643 6.7073 1.9852 34.122
0.99747 0 0.071141 0 1 0 -0.071141 0 0.99747 6.3279 1.9876 34.537
0.99832 0 0.057883 0 1 0 -0.057883 0 0.99832 5.2592 1.9901 34.498
0.999 0 0.044615 0 1 0 -0.044615 0 0.999 4.5235 1.9926 35.289
0.99951 0 0.031337 0 1 0 -0.031337 0 0.99951 3.7748 1.995 35.694
0.99984 0 0.018055 0 1 0 -0.018055 0 0.99984 2.8737 1.9975 35.892
0.99999 0 0.0047703 0 1 0 -0.0047703 0 0.99999 2.2447 1.9999 35.918
0.99996 0 -0.0085166 0 1 0 0.0085166 0 0.99996 1.3811 2.0024 36.034
0.99976 0 -0.021801 0 1 0 0.021801 0 0.99976 0.93026 2.0049 36.707
0.99879 0 -0.049262 0 1 0 0.049262 0 0.99879 0.01663 2.007 36.487
0.99706 0 -0.076685 0 1 0 0.076685 0 0.99706 -0.72709 2.0092 37.252
0.99457 0 -0.10405 0 1 0 0.10405 0 0.99457 -1.4012 2.0114 37.17
0.99134 0 -0.13134 0 1 0 0.13134 0 0.99134 -2.4217 2.0136 37.343
0.98735 0 -0.15853 0 1 0 0.15853 0 0.98735 -2.8969 2.0158 37.189
0.98263 0 -0.1856 0 1 0 0.1856 0 0.98263 -3.5038 2.018 37.311
0.98004 0 -0.19882 0 1 0 0.19882 0 0.98004 -4.6928 2.0203 37.539
0.97727 0 -0.21202 0 1 0 0.21202 0 0.97727 -5.0784 2.0227 38.117
0.97432 0 -0.22517 0 1 0 0.22517 0 0.97432 -6.4659 2.025 38.254
0.9712 0 -0.23829 0 1 0 0.23829 0 0.9712 -7.0289 2.0274 38.18
0.9679 0 -0.25135 0 1 0 0.25135 0 0.9679 -8.16 2.0297 38.296
0.96859 0 -0.24868 0 1 0 0.24868 0 0.96859 -8.3878 2.0336 38.058
0.96927 0 -0.246 0 1 0 0.246 0 0.96927 -8.9649 2.0374 38.493
0.96995 0 -0.24332 0 1 0 0.24332 0 0.96995 -9.2162 2.0413 38.838
0.97062 0 -0.24063 0 1 0 0.24063 0 0.97062 -9.4046 2.0391 38.754
0.9706 0 -0.2407 0 1 0 0.2407 0 0.9706 -9.5261 2.0391 39.283
0.97058 0 -0.24077 0 1 0 0.24077 0 0.97058 -9.4801 1.9935 38.79
0.97056 0 -0.24084 0 1 0 0.24084 0 0.97056 -9.3886 1.9479 39.2
0.97055 0 -0.24091 0 1 0 0.24091 0 0.97055 -8.8999 1.9023 39.578
0.9733 0 -0.22954 0 1 0 0.22954 0 0.9733 -8.302 1.851 39.472
0.97592 0 -0.21814 0 1 0 0.21814 0 0.97592 -7.9153 1.7997 40.26
0.9784 0 -0.20672 0 1 0 0.20672 0 0.9784 -8.1337 1.7484 40.38
0.98075 0 -0.19526 0 1 0 0.19526 0 0.98075 -7.3912 1.8007 40.649
0.98297 0 -0.18377 0 1 0 0.18377 0 0.98297 -6.9433 1.853 41.181
0.98555 0 -0.16937 0 1 0 0.16937 0 0.98555 -6.3321 1.8523 41.478
0.98793 0 -0.15492 0 1 0 0.15492 0 0.98793 -6.0463 1.8516 41.697
0.99009 0 -0.14045 0 1 0 0.14045 0 0.99009 -5.7105 1.851 41.594
0.99158 0 -0.1295 0 1 0 0.1295 0 0.99158 -4.9459 1.7594 41.919
0.99295 0 -0.11854 0 1 0 0.11854 0 0.99295 -4.6856 1.6679 42.376
0.9942 0 -0.10756 0 1 0 0.10756 0 0.9942 -4.3385 1.638 42.079
0.99533 0 -0.096572 0 1 0 0.096572 0 0.99533 -3.1303 1.6081 42.295
0.99633 0 -0.085571 0 1 0 0.085571 0 0.99633 -3.0842 1.5782 42.639
0.99722 0 -0.074559 0 1 0 0.074559 0 0.99722 -2.1941 1.5483 43.059
0.99798 0 -0.063539 0 1 0 0.063539 0 0.99798 -2.038 1.6259 43.518
0.99862 0 -0.05251 0 1 0 0.05251 0 0.99862 -2.3267 1.7034 43.409
0.99914 0 -0.041475 0 1 0 0.041475 0 0.99914 -1.4731 1.781 43.191
