0.85529 0 -0.51815 0 1 0 0.51815 0 0.85529 -4.6142 1.8585 13.555
0.85212 0 -0.52334 0 1 0 0.52334 0 0.85212 -4.7633 1.7668 13.603
0.84893 0 -0.52851 0 1 0 0.52851 0 0.84893 -4.703 1.675 13.681
0.8457 0 -0.53366 0 1 0 0.53366 0 0.8457 -4.6543 1.5833 14.004
0.84244 0 -0.53879 0 1 0 0.53879 0 0.84244 -4.9953 1.6019 14.299
0.83915 0 -0.5439 0 1 0 0.5439 0 0.83915 -5.0778 1.6206 14.342
0.83839 0 -0.54507 0 1 0 0.54507 0 0.83839 -5.4183 1.5975 14.481
0.83763 0 -0.54624 0 1 0 0.54624 0 0.83763 -5.5952 1.618 14.671
0.83687 0 -0.5474 0 1 0 0.5474 0 0.83687 -5.4788 1.6658 14.778
0.83611 0 -0.54857 0 1 0 0.54857 0 0.83611 -5.5536 1.6625 14.599
0.83534 0 -0.54973 0 1 0 0.54973 0 0.83534 -5.3803 1.7679 15.272
0.83377 0 -0.55211 0 1 0 0.55211 0 0.83377 -5.2188 1.7706 15.636
0.8322 0 -0.55448 0 1 0 0.55448 0 0.8322 -5.3168 1.7733 15.265
0.83061 0 -0.55685 0 1 0 0.55685 0 0.83061 -5.7802 1.776 15.901
0.82902 0 -0.55921 0 1 0 0.55921 0 0.82902 -6.0352 1.7788 15.543
0.82743 0 -0.56157 0 1 0 0.56157 0 0.82743 -5.6975 1.7815 16.118
0.83096 0 -0.55634 0 1 0 0.55634 0 0.83096 -5.774 1.6538 15.9
0.83445 0 -0.55108 0 1 0 0.55108 0 0.83445 -5.8593 1.7503 15.991
0.83791 0 -0.54581 0 1 0 0.54581 0 0.83791 -5.9052 1.8842 15.973
0.84134 0 -0.54051 0 1 0 0.54051 0 0.84134 -6.4637 2.0181 16.038
0.84474 0 -0.53518 0 1 0 0.53518 0 0.84474 -6.0515 2.152 16.324
0.85514 0 -0.51839 0 1 0 0.51839 0 0.85514 -6.2142 2.1094 16.802
0.86521 0 -0.5014 0 1 0 0.5014 0 0.86521 -6.4036 2.0316 16.992
0.87495 0 -0.48421 0 1 0 0.48421 0 0.87495 -6.4831 1.9539 17.065
0.88434 0 -0.46684 0 1 0 0.46684 0 0.88434 -5.8906 1.966 16.662
0.89339 0 -0.44928 0 1 0 0.44928 0 0.89339 -6.397 1.978 17.472
0.90596 0 -0.42336 0 1 0 0.42336 0 0.90596 -6.3421 1.753 17.698
0.91778 0 -0.39708 0 1 0 0.39708 0 0.91778 -5.8751 1.6317 17.739
0.92884 0 -0.37048 0 1 0 0.37048 0 0.92884 -5.6255 1.6775 17.316
0.93913 0 -0.34357 0 1 0 0.34357 0 0.93913 -5.8373 1.693 17.76
0.94864 0 -0.31637 0 1 0 0.31637 0 0.94864 -5.5975 1.7418 18.196
0.96304 0 -0.26935 0 1 0 0.26935 0 0.96304 -5.8475 1.7177 18.39
0.97235 0 -0.23354 0 1 0 0.23354 0 0.97235 -5.0314 1.7055 18.149
0.98079 0 -0.19508 0 1 0 0.19508 0 0.98079 -5.1438 1.7186 18.353
0.98707 0 -0.16031 0 1 0 0.16031 0 0.98707 -4.8277 1.6838 18.813
0.99431 0 -0.10649 0 1 0 0.10649 0 0.99431 -5.1109 1.7034 18.76
0.99813 0 -0.061197 0 1 0 0.061197 0 0.99813 -4.2013 1.6619 19.011
0.99988 0 -0.015774 0 1 0 0.015774 0 0.99988 -3.9583 1.6204 18.836
0.99978 0 0.021092 0 1 0 -0.021092 0 0.99978 -4.1128 1.6514 18.862
0.99832 0 0.057929 0 1 0 -0.057929 0 0.99832 -3.4407 1.6824 19.459
0.99551 0 0.094687 0 1 0 -0.094687 0 0.99551 -3.2519 1.7134 19.483
0.99142 0 0.13075 0 1 0 -0.13075 0 0.99142 -2.6393 1.7493 19.639
0.98602 0 0.16664 0 1 0 -0.16664 0 0.98602 -2.3213 1.7852 19.001
0.97932 0 0.20231 0 1 0 -0.20231 0 0.97932 -1.8723 1.8211 19.083
0.97257 0 0.2326 0 1 0 -0.2326 0 0.97257 -1.5449 1.803 19.038
0.96489 0 0.26266 0 1 0 -0.26266 0 0.96489 -0.97039 1.785 19.372
0.95594 0 0.29355 0 1 0 -0.29355 0 0.95594 -0.59796 1.7532 19.094
0.94601 0 0.32413 0 1 0 -0.32413 0 0.94601 0.68486 1.7215 19.615
0.9351 0 0.35438 0 1 0 -0.35438 0 0.9351 1.0292 1.6897 18.937
0.92322 0 0.38426 0 1 0 -0.38426 0 0.92322 1.8126 1.658 18.852
0.91039 0 0.41375 0 1 0 -0.41375 0 0.91039 1.7577 1.6263 19.222
0.89573 0 0.44461 0 1 0 -0.44461 0 0.89573 2.9454 1.6131 19.311
0.88001 0 0.47495 0 1 0 -0.47495 0 0.88001 3.4259 1.6 18.859
0.86327 0 0.50474 0 1 0 -0.50474 0 0.86327 3.8337 1.5869 18.67
0.84553 0 0.53393 0 1 0 -0.53393 0 0.84553 4.3055 1.5738 18.715
0.82679 0 0.56251 0 1 0 -0.56251 0 0.82679 4.7412 1.5607 18.528
0.80369 0 0.59505 0 1 0 -0.59505 0 0.80369 5.7161 1.5531 18.651
0.7793 0 0.62665 0 1 0 -0.62665 0 0.7793 5.877 1.5456 18.85
0.75367 0 0.65725 0 1 0 -0.65725 0 0.75367 6.3248 1.5381 18.51
0.72685 0 0.6868 0 1 0 -0.6868 0 0.72685 7.4668 1.5305 17.97
0.69886 0 0.71526 0 1 0 -0.71526 0 0.69886 7.9693 1.523 18.084
0.67467 0 0.73812 0 1 0 -0.73812 0 0.67467 8.5313 1.5196 17.724
0.64973 0 0.76017 0 1 0 -0.76017 0 0.64973 8.9994 1.5162 17.99
0.62406 0 0.78137 0 1 0 -0.78137 0 0.62406 9.3477 1.5128 17.842
0.59771 0 0.80171 0 1 0 -0.80171 0 0.59771 9.8518 1.5095 18.204
0.5707 0 0.82116 0 1 0 -0.82116 0 0.5707 10.719 1.5061 17.963
0.55238 0 0.83359 0 1 0 -0.83359 0 0.55238 10.8 1.5239 17.653
0.53379 0 0.84562 0 1 0 -0.84562 0 0.53379 11.677 1.5418 17.931
0.52514 0 0.85102 0 1 0 -0.85102 0 0.52514 12.06 1.5612 17.314
0.51643 0 0.85633 0 1 0 -0.85633 0 0.51643 12.515 1.5806 17.505
0.50767 0 0.86155 0 1 0 -0.86155 0 0.50767 12.641 1.6 17.923
0.50162 0 0.86509 0 1 0 -0.86509 0 0.50162 13.079 1.5806 17.983
0.49555 0 0.86858 0 1 0 -0.86858 0 0.49555 13.665 1.5612 17.888
0.48945 0 0.87203 0 1 0 -0.87203 0 0.48945 13.593 1.5418 17.88
0.48333 0 0.87544 0 1 0 -0.87544 0 0.48333 13.582 1.5747 17.796
0.47719 0 0.8788 0 1 0 -0.8788 0 0.47719 14.524 1.6075 18.406
0.49428 0 0.8693 0 1 0 -0.8693 0 0.49428 14.552 1.6458 18.037
0.51117 0 0.85948 0 1 0 -0.85948 0 0.51117 14.548 1.684 18.802
0.52787 0 0.84932 0 1 0 -0.84932 0 0.52787 15.279 1.7223 19.016
0.54437 0 0.83884 0 1 0 -0.83884 0 0.54437 14.877 1.7605 19.446
0.56066 0 0.82804 0 1 0 -0.82804 0 0.56066 15.437 1.7988 19.378
0.57889 0 0.81541 0 1 0 -0.81541 0 0.57889 15.491 1.833 20.062
0.59683 0 0.80237 0 1 0 -0.80237 0 0.59683 15.41 1.8673 20.534
0.61447 0 0.78894 0 1 0 -0.78894 0 0.61447 15.278 1.8434 20.563
0.63182 0 0.77512 0 1 0 -0.77512 0 0.63182 15.25 1.8196 21.187
0.64885 0 0.76092 0 1 0 -0.76092 0 0.64885 15.631 1.7957 21.968
0.67312 0 0.73954 0 1 0 -0.73954 0 0.67312 15.385 1.8038 22.177
0.69668 0 0.71738 0 1 0 -0.71738 0 0.69668 15.761 1.8119 22.554
0.71951 0 0.69448 0 1 0 -0.69448 0 0.71951 15.42 1.82 23.337
0.74159 0 0.67085 0 1 0 -0.67085 0 0.74159 15.74 1.8281 23.682
0.76289 0 0.64652 0 1 0 -0.64652 0 0.76289 15.597 1.8362 24.551
0.78579 0 0.61849 0 1 0 -0.61849 0 0.78579 15.231 1.8504 24.855
0.80766 0 0.58965 0 1 0 -0.58965 0 0.80766 14.681 1.8647 25.496
0.82846 0 0.56004 0 1 0 -0.56004 0 0.82846 15.071 1.8789 26.236
0.84819 0 0.5297 0 1 0 -0.5297 0 0.84819 14.282 1.8932 27.036
0.8668 0 0.49866 0 1 0 -0.49866 0 0.8668 14.574 1.9074 27.098
0.8804 0 0.47424 0 1 0 -0.47424 0 0.8804 13.702 1.986 28.11
0.89331 0 0.44944 0 1 0 -0.44944 0 0.89331 13.509 2.0646 28.635
0.90552 0 0.4243 0 1 0 -0.4243 0 0.90552 12.81 2.0573 29.331
0.91703 0 0.39882 0 1 0 -0.39882 0 0.91703 12.782 2.0501 29.116
0.92782 0 0.37303 0 1 0 -0.37303 0 0.92782 11.944 2.0428 29.9
0.94349 0 0.33139 0 1 0 -0.33139 0 0.94349 11.294 2.0253 30.68
0.9573 0 0.2891 0 1 0 -0.2891 0 0.9573 11.294 2.0078 30.91
0.96921 0 0.24623 0 1 0 -0.24623 0 0.96921 10.452 1.9903 31.404
0.97084 0 0.23975 0 1 0 -0.23975 0 0.97084 10.079 1.9718 32.256
0.97241 0 0.23326 0 1 0 -0.23326 0 0.97241 9.2349 1.9532 32.653
0.98052 0 0.19641 0 1 0 -0.19641 0 0.98052 8.7943 1.9612 33.019
0.98723 0 0.15928 0 1 0 -0.15928 0 0.98723 7.6743 1.9692 33.468
0.99254 0 0.12192 0 1 0 -0.12192 0 0.99254 7.75 1.9772 33.37
0.99643 0 0.084388 0 1 0 -0.084388 0 0.99643 7.0266 1.9852 34.004
0.99747 0 0.071141 0 1 0 -0.071141 0 0.99747 6.2579 1.9876 34.384
0.99832 0 0.057883 0 1 0 -0.057883 0 0.99832 5.5868 1.9901 34.514
0.999 0 0.044615 0 1 0 -0.044615 0 0.999 4.518 1.9926 35.191
0.99951 0 0.031337 0 1 0 -0.031337 0 0.99951 3.9803 1.995 35.602
0.99984 0 0.018055 0 1 0 -0.018055 0 0.99984 3.2219 1.9975 35.441
0.99999 0 0.0047703 0 1 0 -0.0047703 0 0.99999 2.4606 1.9999 36.098
0.99996 0 -0.0085166 0 1 0 0.0085166 0 0.99996 1.5317 2.0024 35.922
0.99976 0 -0.021801 0 1 0 0.021801 0 0.99976 0.78565 2.0049 36.779
0.99879 0 -0.049262 0 1 0 0.049262 0 0.99879 0.17212 2.007 36.409
0.99706 0 -0.076685 0 1 0 0.076685 0 0.99706 -0.78297 2.0092 36.957
0.99457 0 -0.10405 0 1 0 0.10405 0 0.99457 -1.0975 2.0114 36.967
0.99134 0 -0.13134 0 1 0 0.13134 0 0.99134 -1.7281 2.0136 37.508
0.98735 0 -0.15853 0 1 0 0.15853 0 0.98735 -3.269 2.0158 37.454
0.98263 0 -0.1856 0 1 0 0.1856 0 0.98263 -3.6404 2.018 37.631
0.98004 0 -0.19882 0 1 0 0.19882 0 0.98004 -4.818 2.0203 38.036
0.97727 0 -0.21202 0 1 0 0.21202 0 0.97727 -5.0648 2.0227 37.712
0.97432 0 -0.22517 0 1 0 0.22517 0 0.97432 -5.7339 2.025 37.885
0.9712 0 -0.23829 0 1 0 0.23829 0 0.9712 -7.2904 2.0274 38.391
0.9679 0 -0.25135 0 1 0 0.25135 0 0.9679 -7.4112 2.0297 37.75
0.96859 0 -0.24868 0 1 0 0.24868 0 0.96859 -8.5498 2.0336 38.652
0.96927 0 -0.246 0 1 0 0.246 0 0.96927 -8.4189 2.0374 38.183
0.96995 0 -0.24332 0 1 0 0.24332 0 0.96995 -8.7405 2.0413 38.723
0.97062 0 -0.24063 0 1 0 0.24063 0 0.97062 -9.0912 2.0391 38.9
0.9706 0 -0.2407 0 1 0 0.2407 0 0.9706 -9.0323 2.0391 39.032
0.97058 0 -0.24077 0 1 0 0.24077 0 0.97058 -8.9008 1.9935 39.006
0.97056 0 -0.24084 0 1 0 0.24084 0 0.97056 -8.9988 1.9479 39.439
0.97055 0 -0.24091 0 1 0 0.24091 0 0.97055 -9.2687 1.9023 39.817
0.9733 0 -0.22954 0 1 0 0.22954 0 0.9733 -8.8486 1.851 39.439
0.97592 0 -0.21814 0 1 0 0.21814 0 0.97592 -8.5211 1.7997 39.746
0.9784 0 -0.20672 0 1 0 0.20672 0 0.9784 -8.2772 1.7484 40.714
0.98075 0 -0.19526 0 1 0 0.19526 0 0.98075 -7.6918 1.8007 40.747
0.98297 0 -0.18377 0 1 0 0.18377 0 0.98297 -6.7509 1.853 40.702
0.98555 0 -0.16937 0 1 0 0.16937 0 0.98555 -5.9994 1.8523 41.114
0.98793 0 -0.15492 0 1 0 0.15492 0 0.98793 -5.9746 1.8516 41.163
0.99009 0 -0.14045 0 1 0 0.14045 0 0.99009 -5.4367 1.851 41.554
0.99158 0 -0.1295 0 1 0 0.1295 0 0.99158 -4.5075 1.7594 41.763
0.99295 0 -0.11854 0 1 0 0.11854 0 0.99295 -4.0683 1.6679 42.04
0.9942 0 -0.10756 0 1 0 0.10756 0 0.9942 -3.818 1.638 42.112
0.99533 0 -0.096572 0 1 0 0.096572 0 0.99533 -3.1034 1.6081 42.485
0.99633 0 -0.085571 0 1 0 0.085571 0 0.99633 -2.8152 1.5782 42.52
0.99722 0 -0.074559 0 1 0 0.074559 0 0.99722 -2.694 1.5483 43.346
0.99798 0 -0.063539 0 1 0 0.063539 0 0.99798 -2.118 1.6259 42.815
0.99862 0 -0.05251 0 1 0 0.05251 0 0.99862 -2.1372 1.7034 43.584
0.99914 0 -0.041475 0 1 0 0.041475 0 0.99914 -1.7807 1.781 43.26
