0.999244 0.000000 -0.038889 0.000000 1.000000 0.000000 0.038889 0.000000 0.999244 3.023821 0.939600 8.280766
0.999244 0.000000 -0.038889 0.000000 1.000000 0.000000 0.038889 0.000000 0.999244 3.228240 1.290652 7.957030
0.999244 0.000000 -0.038889 0.000000 1.000000 0.000000 0.038889 0.000000 0.999244 3.254495 1.314935 8.251262
0.999244 0.000000 -0.038889 0.000000 1.000000 0.000000 0.038889 0.000000 0.999244 3.246117 1.308140 8.618375
0.999244 0.000000 -0.038889 0.000000 1.000000 0.000000 0.038889 0.000000 0.999244 3.323475 1.326330 9.018928
0.999244 0.000000 -0.038889 0.000000 1.000000 0.000000 0.038889 0.000000 0.999244 3.176095 1.319450 9.029822
0.999244 0.000000 -0.038889 0.000000 1.000000 0.000000 0.038889 0.000000 0.999244 3.202000 1.302327 9.385862
0.999244 0.000000 -0.038889 0.000000 1.000000 0.000000 0.038889 0.000000 0.999244 3.212842 1.296077 9.749532
0.999244 0.000000 -0.038889 0.000000 1.000000 0.000000 0.038889 0.000000 0.999244 3.267225 1.298027 10.099777
0.999244 0.000000 -0.038889 0.000000 1.000000 0.000000 0.038889 0.000000 0.999244 3.267480 1.295637 10.470327
0.999244 0.000000 -0.038889 0.000000 1.000000 0.000000 0.038889 0.000000 0.999244 3.274897 1.312293 10.837112
0.999161 0.000000 -0.040947 0.000000 1.000000 0.000000 0.040947 0.000000 0.999161 3.201248 1.302663 11.131755
0.999075 0.000000 -0.043005 0.000000 1.000000 0.000000 0.043005 0.000000 0.999075 3.182305 1.323625 11.400628
0.998984 0.000000 -0.045064 0.000000 1.000000 0.000000 0.045064 0.000000 0.998984 3.134535 1.312312 11.676950
0.998889 0.000000 -0.047122 0.000000 1.000000 0.000000 0.047122 0.000000 0.998889 3.084435 1.309230 11.946875
0.998790 0.000000 -0.049180 0.000000 1.000000 0.000000 0.049180 0.000000 0.998790 3.016468 1.290668 12.218000
0.998758 0.000000 -0.049823 0.000000 1.000000 0.000000 0.049823 0.000000 0.998758 2.992995 1.305825 12.468900
0.998726 0.000000 -0.050466 0.000000 1.000000 0.000000 0.050466 0.000000 0.998726 2.908832 1.300693 12.721925
0.998693 0.000000 -0.051109 0.000000 1.000000 0.000000 0.051109 0.000000 0.998693 2.865030 1.318215 12.961950
0.998660 0.000000 -0.051752 0.000000 1.000000 0.000000 0.051752 0.000000 0.998660 2.785893 1.296510 13.210725
0.998626 0.000000 -0.052395 0.000000 1.000000 0.000000 0.052395 0.000000 0.998626 2.719222 1.302617 13.446400
0.998269 0.000000 -0.058822 0.000000 1.000000 0.000000 0.058822 0.000000 0.998269 2.665158 1.290935 13.873550
0.997869 0.000000 -0.065246 0.000000 1.000000 0.000000 0.065246 0.000000 0.997869 2.605993 1.289435 14.305275
0.997429 0.000000 -0.071668 0.000000 1.000000 0.000000 0.071668 0.000000 0.997429 2.495532 1.282517 14.750700
0.996947 0.000000 -0.078087 0.000000 1.000000 0.000000 0.078087 0.000000 0.996947 2.411488 1.294755 15.197650
0.996423 0.000000 -0.084503 0.000000 1.000000 0.000000 0.084503 0.000000 0.996423 2.298808 1.285758 15.654925
0.996423 0.000000 -0.084503 0.000000 1.000000 0.000000 0.084503 0.000000 0.996423 2.186460 1.287350 16.043575
0.996423 0.000000 -0.084503 0.000000 1.000000 0.000000 0.084503 0.000000 0.996423 2.050832 1.269600 16.435550
0.996423 0.000000 -0.084503 0.000000 1.000000 0.000000 0.084503 0.000000 0.996423 1.920552 1.280320 16.822800
0.996423 0.000000 -0.084503 0.000000 1.000000 0.000000 0.084503 0.000000 0.996423 1.775972 1.275672 17.212425
0.996423 0.000000 -0.084503 0.000000 1.000000 0.000000 0.084503 0.000000 0.996423 1.586530 1.305055 17.600850
0.995988 0.000000 -0.089491 0.000000 1.000000 0.000000 0.089491 0.000000 0.995988 1.388876 1.296050 17.829600
0.995527 0.000000 -0.094478 0.000000 1.000000 0.000000 0.094478 0.000000 0.995527 1.246090 1.321715 18.047075
0.995041 0.000000 -0.099462 0.000000 1.000000 0.000000 0.099462 0.000000 0.995041 1.046633 1.303122 18.266750
0.994531 0.000000 -0.104444 0.000000 1.000000 0.000000 0.104444 0.000000 0.994531 0.855122 1.307820 18.479125
0.993995 0.000000 -0.109423 0.000000 1.000000 0.000000 0.109423 0.000000 0.993995 0.696080 1.275725 18.688150
0.993446 0.000000 -0.114305 0.000000 1.000000 0.000000 0.114305 0.000000 0.993446 0.527778 1.299000 18.846800
0.992872 0.000000 -0.119185 0.000000 1.000000 0.000000 0.119185 0.000000 0.992872 0.349929 1.294947 19.003875
0.992275 0.000000 -0.124060 0.000000 1.000000 0.000000 0.124060 0.000000 0.992275 0.242278 1.321758 19.154350
0.991653 0.000000 -0.128934 0.000000 1.000000 0.000000 0.128934 0.000000 0.991653 0.073291 1.325625 20.051625
0.991008 0.000000 -0.133804 0.000000 1.000000 0.000000 0.133804 0.000000 0.991008 -0.043576 1.298685 21.010425
