0.994850 0.000000 -0.101355 0.000000 1.000000 0.000000 0.101355 0.000000 0.994850 2.877878 1.308758 7.567417
0.994850 0.000000 -0.101355 0.000000 1.000000 0.000000 0.101355 0.000000 0.994850 2.758655 1.304235 7.906963
0.994850 0.000000 -0.101355 0.000000 1.000000 0.000000 0.101355 0.000000 0.994850 2.578580 1.331955 8.255978
0.994850 0.000000 -0.101355 0.000000 1.000000 0.000000 0.101355 0.000000 0.994850 2.445095 1.314385 8.590770
0.994850 0.000000 -0.101355 0.000000 1.000000 0.000000 0.101355 0.000000 0.994850 2.330398 1.323300 8.913115
0.994637 0.000000 -0.103428 0.000000 1.000000 0.000000 0.103428 0.000000 0.994637 2.146743 1.327703 9.234258
0.994419 0.000000 -0.105500 0.000000 1.000000 0.000000 0.105500 0.000000 0.994419 2.010987 1.351505 9.536325
0.994197 0.000000 -0.107571 0.000000 1.000000 0.000000 0.107571 0.000000 0.994197 1.860900 1.355210 9.841703
0.993971 0.000000 -0.109643 0.000000 1.000000 0.000000 0.109643 0.000000 0.993971 1.722349 1.352372 10.141095
0.993741 0.000000 -0.111713 0.000000 1.000000 0.000000 0.111713 0.000000 0.993741 1.563361 1.327313 10.443735
0.993741 0.000000 -0.111713 0.000000 1.000000 0.000000 0.111713 0.000000 0.993741 1.491359 1.314107 10.778412
0.993741 0.000000 -0.111713 0.000000 1.000000 0.000000 0.111713 0.000000 0.993741 1.349453 1.294095 11.121662
0.993741 0.000000 -0.111713 0.000000 1.000000 0.000000 0.111713 0.000000 0.993741 1.210417 1.316645 11.456050
0.993741 0.000000 -0.111713 0.000000 1.000000 0.000000 0.111713 0.000000 0.993741 1.068877 1.310907 11.792800
0.993741 0.000000 -0.111713 0.000000 1.000000 0.000000 0.111713 0.000000 0.993741 0.966792 1.320365 12.123475
0.993741 0.000000 -0.111713 0.000000 1.000000 0.000000 0.111713 0.000000 0.993741 0.853925 1.319817 12.455550
0.993741 0.000000 -0.111713 0.000000 1.000000 0.000000 0.111713 0.000000 0.993741 0.794637 1.328707 12.781575
0.993741 0.000000 -0.111713 0.000000 1.000000 0.000000 0.111713 0.000000 0.993741 0.737815 1.333805 13.104825
0.993741 0.000000 -0.111713 0.000000 1.000000 0.000000 0.111713 0.000000 0.993741 0.699954 1.330930 13.425725
0.993741 0.000000 -0.111713 0.000000 1.000000 0.000000 0.111713 0.000000 0.993741 0.561450 1.298482 13.751375
0.993741 0.000000 -0.111713 0.000000 1.000000 0.000000 0.111713 0.000000 0.993741 0.457734 1.349548 13.992025
0.993741 0.000000 -0.111713 0.000000 1.000000 0.000000 0.111713 0.000000 0.993741 0.443201 1.329222 14.233825
0.993741 0.000000 -0.111713 0.000000 1.000000 0.000000 0.111713 0.000000 0.993741 0.403065 1.332942 14.471425
0.993741 0.000000 -0.111713 0.000000 1.000000 0.000000 0.111713 0.000000 0.993741 0.288075 1.316225 14.709850
0.993741 0.000000 -0.111713 0.000000 1.000000 0.000000 0.111713 0.000000 0.993741 0.143770 1.371538 14.938600
0.993741 0.000000 -0.111713 0.000000 1.000000 0.000000 0.111713 0.000000 0.993741 0.075339 1.399140 14.712675
0.993741 0.000000 -0.111713 0.000000 1.000000 0.000000 0.111713 0.000000 0.993741 -0.004930 1.373487 14.509000
0.993741 0.000000 -0.111713 0.000000 1.000000 0.000000 0.111713 0.000000 0.993741 -0.093991 1.344898 15.366850
0.993741 0.000000 -0.111713 0.000000 1.000000 0.000000 0.111713 0.000000 0.993741 -0.178859 1.333285 16.304700
0.993741 0.000000 -0.111713 0.000000 1.000000 0.000000 0.111713 0.000000 0.993741 -0.229870 1.304905 17.338800
0.993741 0.000000 -0.111713 0.000000 1.000000 0.000000 0.111713 0.000000 0.993741 -1.273703 1.327878 17.312100
0.993741 0.000000 -0.111713 0.000000 1.000000 0.000000 0.111713 0.000000 0.993741 -1.580164 1.330192 17.306650
0.993741 0.000000 -0.111713 0.000000 1.000000 0.000000 0.111713 0.000000 0.993741 -0.489345 1.338750 17.390350
0.993741 0.000000 -0.111713 0.000000 1.000000 0.000000 0.111713 0.000000 0.993741 -0.571238 1.270838 17.411750
0.993741 0.000000 -0.111713 0.000000 1.000000 0.000000 0.111713 0.000000 0.993741 -0.479002 1.310160 17.429850
0.994372 0.000000 -0.105941 0.000000 1.000000 0.000000 0.105941 0.000000 0.994372 -0.680362 1.317222 17.668300
0.994971 0.000000 -0.100166 0.000000 1.000000 0.000000 0.100166 0.000000 0.994971 -1.586787 1.318458 17.856950
0.995535 0.000000 -0.094388 0.000000 1.000000 0.000000 0.094388 0.000000 0.995535 -0.536265 1.350530 18.163775
0.996067 0.000000 -0.088606 0.000000 1.000000 0.000000 0.088606 0.000000 0.996067 -1.648182 1.338143 18.346150
0.996564 0.000000 -0.082822 0.000000 1.000000 0.000000 0.082822 0.000000 0.996564 -1.642705 1.315458 18.597175
0.996955 0.000000 -0.077978 0.000000 1.000000 0.000000 0.077978 0.000000 0.996955 -0.577756 1.314480 18.915850
0.997322 0.000000 -0.073133 0.000000 1.000000 0.000000 0.073133 0.000000 0.997322 -0.593748 1.400422 19.165150
0.997666 0.000000 -0.068286 0.000000 1.000000 0.000000 0.068286 0.000000 0.997666 -0.567857 1.364790 19.425375
0.997986 0.000000 -0.063437 0.000000 1.000000 0.000000 0.063437 0.000000 0.997986 -1.758872 1.292940 19.617400
0.998282 0.000000 -0.058587 0.000000 1.000000 0.000000 0.058587 0.000000 0.998282 -0.493227 1.336923 19.945100
0.998282 0.000000 -0.058587 0.000000 1.000000 0.000000 0.058587 0.000000 0.998282 -0.529190 1.285112 20.249550
0.998282 0.000000 -0.058587 0.000000 1.000000 0.000000 0.058587 0.000000 0.998282 -0.472332 1.264187 20.556175
0.998282 0.000000 -0.058587 0.000000 1.000000 0.000000 0.058587 0.000000 0.998282 -0.483900 1.292758 20.861600
0.998282 0.000000 -0.058587 0.000000 1.000000 0.000000 0.058587 0.000000 0.998282 -0.444397 1.289893 21.172225
0.998282 0.000000 -0.058587 0.000000 1.000000 0.000000 0.058587 0.000000 0.998282 -0.607370 1.271680 21.482175
0.998282 0.000000 -0.058587 0.000000 1.000000 0.000000 0.058587 0.000000 0.998282 -0.518638 1.241735 21.696225
0.998282 0.000000 -0.058587 0.000000 1.000000 0.000000 0.058587 0.000000 0.998282 -0.494397 1.203512 21.908300
0.998282 0.000000 -0.058587 0.000000 1.000000 0.000000 0.058587 0.000000 0.998282 -1.608682 1.305785 22.058050
0.998282 0.000000 -0.058587 0.000000 1.000000 0.000000 0.058587 0.000000 0.998282 -0.474282 1.250665 22.322250
0.998282 0.000000 -0.058587 0.000000 1.000000 0.000000 0.058587 0.000000 0.998282 -0.702194 1.173790 22.526650
0.998587 0.000000 -0.053149 0.000000 1.000000 0.000000 0.053149 0.000000 0.998587 -0.684138 1.193395 23.510075
0.998861 0.000000 -0.047709 0.000000 1.000000 0.000000 0.047709 0.000000 0.998861 -0.590797 1.228298 24.563550
0.999106 0.000000 -0.042267 0.000000 1.000000 0.000000 0.042267 0.000000 0.999106 -0.415846 1.278610 23.869875
0.999322 0.000000 -0.036824 0.000000 1.000000 0.000000 0.036824 0.000000 0.999322 -0.508079 1.211153 23.235800
0.999508 0.000000 -0.031381 0.000000 1.000000 0.000000 0.031381 0.000000 0.999508 -0.469849 1.265285 22.648600
0.999664 0.000000 -0.025936 0.000000 1.000000 0.000000 0.025936 0.000000 0.999664 -0.633191 1.310658 22.829075
0.999790 0.000000 -0.020490 0.000000 1.000000 0.000000 0.020490 0.000000 0.999790 -0.542226 1.236820 23.021550
0.999887 0.000000 -0.015044 0.000000 1.000000 0.000000 0.015044 0.000000 0.999887 -0.435534 1.300143 23.203675
0.999954 0.000000 -0.009598 0.000000 1.000000 0.000000 0.009598 0.000000 0.999954 -0.510164 1.228505 23.388375
0.999991 0.000000 -0.004151 0.000000 1.000000 0.000000 0.004151 0.000000 0.999991 -0.721033 1.234900 23.564475
0.999991 0.000000 -0.004151 0.000000 1.000000 0.000000 0.004151 0.000000 0.999991 -0.418272 1.238045 23.970300
0.999991 0.000000 -0.004151 0.000000 1.000000 0.000000 0.004151 0.000000 0.999991 -1.424478 1.319780 24.331650
0.999991 0.000000 -0.004151 0.000000 1.000000 0.000000 0.004151 0.000000 0.999991 -0.466670 1.200242 24.782700
0.999991 0.000000 -0.004151 0.000000 1.000000 0.000000 0.004151 0.000000 0.999991 -0.340981 1.180750 25.197075
0.999991 0.000000 -0.004151 0.000000 1.000000 0.000000 0.004151 0.000000 0.999991 -1.433816 1.322010 25.567725
0.999991 0.000000 -0.004151 0.000000 1.000000 0.000000 0.004151 0.000000 0.999991 -0.346357 1.314157 25.386500
0.999991 0.000000 -0.004151 0.000000 1.000000 0.000000 0.004151 0.000000 0.999991 -0.351547 1.261503 25.178725
0.999991 0.000000 -0.004151 0.000000 1.000000 0.000000 0.004151 0.000000 0.999991 -0.301358 1.374727 24.971575
0.999991 0.000000 -0.004151 0.000000 1.000000 0.000000 0.004151 0.000000 0.999991 -0.423847 1.275127 24.781500
0.999991 0.000000 -0.004151 0.000000 1.000000 0.000000 0.004151 0.000000 0.999991 -0.269490 1.231253 24.598950
0.999991 0.000000 -0.004151 0.000000 1.000000 0.000000 0.004151 0.000000 0.999991 -1.163206 1.263387 24.846300
0.999991 0.000000 -0.004151 0.000000 1.000000 0.000000 0.004151 0.000000 0.999991 -0.289148 1.240792 25.148650
0.999991 0.000000 -0.004151 0.000000 1.000000 0.000000 0.004151 0.000000 0.999991 -0.296644 1.294718 25.422850
0.999991 0.000000 -0.004151 0.000000 1.000000 0.000000 0.004151 0.000000 0.999991 -0.283977 1.306427 25.700250
0.999991 0.000000 -0.004151 0.000000 1.000000 0.000000 0.004151 0.000000 0.999991 -0.264557 1.321055 25.979525
0.999991 0.000000 -0.004151 0.000000 1.000000 0.000000 0.004151 0.000000 0.999991 -0.280704 1.402237 26.107350
0.999991 0.000000 -0.004151 0.000000 1.000000 0.000000 0.004151 0.000000 0.999991 -0.230797 1.314398 26.243800
0.999991 0.000000 -0.004151 0.000000 1.000000 0.000000 0.004151 0.000000 0.999991 -0.297105 1.322405 26.374225
0.999991 0.000000 -0.004151 0.000000 1.000000 0.000000 0.004151 0.000000 0.999991 -0.347424 1.272393 26.506875
0.999991 0.000000 -0.004151 0.000000 1.000000 0.000000 0.004151 0.000000 0.999991 -0.277721 1.324127 26.634850
0.999991 0.000000 -0.004151 0.000000 1.000000 0.000000 0.004151 0.000000 0.999991 -1.326470 1.330928 27.148875
0.999991 0.000000 -0.004151 0.000000 1.000000 0.000000 0.004151 0.000000 0.999991 -1.034291 1.332022 27.725300
0.999991 0.000000 -0.004151 0.000000 1.000000 0.000000 0.004151 0.000000 0.999991 -0.361894 1.271488 28.329450
0.999991 0.000000 -0.004151 0.000000 1.000000 0.000000 0.004151 0.000000 0.999991 -0.316485 1.274802 28.935075
0.999991 0.000000 -0.004151 0.000000 1.000000 0.000000 0.004151 0.000000 0.999991 -1.294665 1.309427 29.533900
0.999991 0.000000 -0.004151 0.000000 1.000000 0.000000 0.004151 0.000000 0.999991 -0.444212 1.358115 29.454175
0.999991 0.000000 -0.004151 0.000000 1.000000 0.000000 0.004151 0.000000 0.999991 -1.148319 1.292035 29.337050
