0.533523 0.000000 0.845786 0.000000 1.000000 0.000000 -0.845786 0.000000 0.533523 18.977000 1.500000 23.774000
0.559365 0.000000 0.828921 0.000000 1.000000 0.000000 -0.828921 0.000000 0.559365 13.767000 1.500000 17.633000
0.584675 0.000000 0.811267 0.000000 1.000000 0.000000 -0.811267 0.000000 0.584675 15.566000 1.500000 19.516000
0.609421 0.000000 0.792847 0.000000 1.000000 0.000000 -0.792847 0.000000 0.609421 14.390000 1.500000 17.871000
0.633594 0.000000 0.773666 0.000000 1.000000 0.000000 -0.773666 0.000000 0.633594 13.516000 1.500000 17.047000
0.660211 0.000000 0.751080 0.000000 1.000000 0.000000 -0.751080 0.000000 0.660211 13.631000 1.500000 17.746000
0.690608 0.000000 0.723229 0.000000 1.000000 0.000000 -0.723229 0.000000 0.690608 13.371000 1.500000 18.104000
0.719832 0.000000 0.694149 0.000000 1.000000 0.000000 -0.694149 0.000000 0.719832 12.346000 1.500000 17.587000
0.738282 0.000000 0.674492 0.000000 1.000000 0.000000 -0.674492 0.000000 0.738282 12.783000 1.500000 19.196000
0.769131 0.000000 0.639091 0.000000 1.000000 0.000000 -0.639091 0.000000 0.769131 12.113000 1.500000 19.463000
0.798278 0.000000 0.602290 0.000000 1.000000 0.000000 -0.602290 0.000000 0.798278 11.218000 1.500000 19.464000
0.833372 0.000000 0.552713 0.000000 1.000000 0.000000 -0.552713 0.000000 0.833372 10.346000 1.500000 19.624000
0.865376 0.000000 0.501123 0.000000 1.000000 0.000000 -0.501123 0.000000 0.865376 10.512000 1.500000 21.934000
0.885328 0.000000 0.464966 0.000000 1.000000 0.000000 -0.464966 0.000000 0.885328 9.084800 1.500000 21.233000
0.903728 0.000000 0.428106 0.000000 1.000000 0.000000 -0.428106 0.000000 0.903728 9.508700 1.500000 25.078000
0.929147 0.000000 0.369709 0.000000 1.000000 0.000000 -0.369709 0.000000 0.929147 7.594100 1.500000 22.989000
0.950767 0.000000 0.309908 0.000000 1.000000 0.000000 -0.309908 0.000000 0.950767 8.205400 1.500000 29.017000
0.968566 0.000000 0.248757 0.000000 1.000000 0.000000 -0.248757 0.000000 0.968566 19.635000 1.500000 79.028000
0.978755 0.000000 0.205032 0.000000 1.000000 0.000000 -0.205032 0.000000 0.978755 5.528700 1.500000 29.593000
0.986972 0.000000 0.160894 0.000000 1.000000 0.000000 -0.160894 0.000000 0.986972 4.201900 1.500000 28.298000
0.992976 0.000000 0.118319 0.000000 1.000000 0.000000 -0.118319 0.000000 0.992976 3.993100 1.500000 35.693000
0.997136 0.000000 0.075624 0.000000 1.000000 0.000000 -0.075624 0.000000 0.997136 3.202000 1.500000 39.180000
0.998134 0.000000 0.061058 0.000000 1.000000 0.000000 -0.061058 0.000000 0.998134 1.686200 1.500000 36.161000
0.998924 0.000000 0.046380 0.000000 1.000000 0.000000 -0.046380 0.000000 0.998924 0.791990 1.500000 33.887000
0.999495 0.000000 0.031791 0.000000 1.000000 0.000000 -0.031791 0.000000 0.999495 2.125700 1.500000 85.577000
0.999852 0.000000 0.017195 0.000000 1.000000 0.000000 -0.017195 0.000000 0.999852 0.802920 1.500000 81.657000
0.999996 0.000000 0.002796 0.000000 1.000000 0.000000 -0.002796 0.000000 0.999996 -0.438750 1.500000 35.371000
